8
4
0
0
**********
1
1
10
3
1
3
1
2
----------
1
1
0
1
4
0
1
0
----------
1
1
0
0
1
0
1
0
----------
1
1
0
0
3
0
1
0
----------
1
1
0
0
4
0
1
0
----------
1
1
0
0
2
0
1
0
----------
1
1
0
2
2
0
1
0
----------
1
1
0
2
4
0
1
0
----------
1
1
0
4
4
0
1
0
----------
1
1
0
3
4
0
1
0
----------
1
1
0
5
4
0
1
0
----------
1
1
0
5
3
0
1
0
----------
1
1
0
5
1
0
1
0
----------
1
1
0
6
1
0
1
0
----------
1
0
26
6
0
11
1
0
----------
1
1
0
6
3
0
1
0
----------
1
1
0
7
3
0
1
0
----------
1
1
0
8
3
0
1
0
----------
1
1
0
8
2
0
1
0
----------
1
1
0
8
0
0
1
0
----------
1
1
0
8
1
0
1
0
----------
1
1
0
6
4
0
1
0
----------
1
1
0
7
4
0
1
0
----------
1
1
0
8
4
0
1
0
----------
