8
6
0
6
**********
1
1
0
0
5
0
1
0
----------
1
1
0
1
5
0
1
0
----------
1
1
0
2
5
0
1
0
----------
1
1
0
4
5
0
1
0
----------
1
1
0
5
5
0
1
0
----------
1
1
0
7
5
0
1
0
----------
1
1
0
7
4
0
1
0
----------
1
1
0
7
3
0
1
0
----------
1
1
0
5
3
0
1
0
----------
1
1
0
4
3
0
1
0
----------
1
1
0
5
2
0
1
0
----------
1
1
0
5
1
0
1
0
----------
1
1
0
6
1
0
1
0
----------
1
1
0
7
1
0
1
0
----------
1
1
10
6
5
3
1
2
----------
1
0
26
6
3
11
1
0
----------
1
0
26
8
6
11
1
0
----------
1
1
10
4
2
3
1
2
----------
1
1
0
4
1
0
1
0
----------
1
1
0
2
3
0
1
0
----------
1
1
0
2
1
0
1
0
----------
1
1
0
1
1
0
1
0
----------
1
1
0
1
3
0
1
0
----------
1
0
26
0
0
11
1
0
----------
1
0
26
2
2
11
1
0
----------
1
0
26
3
1
11
1
0
----------
1
0
26
3
3
11
1
0
----------
