10
6
3
3
**********
1
1
0
7
4
0
1
0
----------
1
1
1
6
4
1
1
0
----------
1
0
2
6
5
5
1
2
----------
1
0
2
6
6
5
1
2
----------
1
1
0
5
4
0
1
0
----------
1
1
0
5
5
0
1
0
----------
1
1
0
5
6
0
1
0
----------
1
1
0
7
5
0
1
0
----------
1
1
0
7
6
0
1
0
----------
1
1
0
6
2
0
1
0
----------
1
1
0
4
2
0
1
0
----------
1
1
0
3
2
0
1
0
----------
1
1
0
2
2
0
1
0
----------
1
1
0
1
2
0
1
0
----------
1
1
0
1
4
0
1
0
----------
1
1
0
2
4
0
1
0
----------
1
1
0
2
5
0
1
0
----------
1
1
0
4
5
0
1
0
----------
1
1
0
4
4
0
1
0
----------
1
1
0
4
6
0
1
0
----------
1
1
0
1
5
0
1
0
----------
1
1
0
0
2
0
1
0
----------
1
1
0
0
0
0
1
0
----------
1
1
0
2
1
0
1
0
----------
1
1
0
4
0
0
1
0
----------
1
1
0
5
0
0
1
0
----------
1
1
0
7
0
0
1
0
----------
1
1
0
8
0
0
1
0
----------
1
1
0
9
0
0
1
0
----------
1
1
0
10
0
0
1
0
----------
1
1
0
10
1
0
1
0
----------
1
1
0
10
2
0
1
0
----------
1
1
0
10
4
0
1
0
----------
1
1
0
10
5
0
1
0
----------
1
1
0
10
6
0
1
0
----------
1
1
0
8
6
0
1
0
----------
1
1
0
8
4
0
1
0
----------
1
1
0
8
3
0
1
0
----------
1
1
0
8
2
0
1
0
----------
1
1
0
7
2
0
1
0
----------
1
1
0
8
5
0
1
0
----------
1
1
0
10
3
0
1
0
----------
1
1
0
6
0
0
1
0
----------
1
0
26
7
3
11
1
0
----------
1
0
26
9
6
11
1
0
----------
1
0
2
0
6
5
1
2
----------
1
0
26
0
1
11
1
0
----------
1
1
10
3
6
3
1
2
----------
1
0
26
1
6
11
1
0
----------
1
0
26
0
5
11
1
0
----------
1
1
1
4
1
1
1
0
----------
1
1
1
7
1
1
1
0
----------
1
0
2
5
1
5
1
2
----------
1
1
1
0
4
1
1
0
----------
