13
5
0
0
**********
1
1
22
4
4
7
1
7
----------
1
1
1
5
3
1
1
0
----------
1
1
22
4
2
7
1
7
----------
1
1
22
3
2
7
1
7
----------
1
1
22
2
1
7
1
7
----------
1
1
22
2
2
7
1
7
----------
1
1
22
0
3
7
1
7
----------
1
1
22
2
0
7
1
7
----------
1
1
0
3
0
0
1
0
----------
1
1
0
3
1
0
1
0
----------
1
1
0
4
1
0
1
0
----------
1
1
22
3
4
7
1
7
----------
1
1
22
2
4
7
1
7
----------
1
1
0
3
5
0
1
0
----------
1
1
0
4
5
0
1
0
----------
1
1
0
5
5
0
1
0
----------
1
1
0
5
4
0
1
0
----------
1
1
0
2
5
0
1
0
----------
1
1
22
1
0
7
1
7
----------
1
1
0
0
2
0
1
0
----------
1
1
0
0
6
0
1
0
----------
1
1
0
1
6
0
1
0
----------
1
1
0
2
6
0
1
0
----------
1
1
0
5
2
0
1
0
----------
1
1
0
5
1
0
1
0
----------
1
1
0
1
5
0
1
0
----------
1
1
0
0
5
0
1
0
----------
1
1
0
4
6
0
1
0
----------
1
1
0
3
6
0
1
0
----------
1
1
0
5
6
0
1
0
----------
1
1
21
6
4
6
1
2
----------
1
1
10
6
5
3
1
2
----------
1
1
10
7
5
3
1
2
----------
1
1
10
8
5
3
1
2
----------
1
1
0
9
2
0
1
0
----------
1
1
0
9
4
0
1
0
----------
1
1
10
9
5
3
1
2
----------
1
1
10
10
5
3
1
2
----------
1
1
0
11
4
0
1
0
----------
1
1
0
8
4
0
1
0
----------
1
1
0
7
4
0
1
0
----------
1
1
0
6
6
0
1
0
----------
1
1
0
7
6
0
1
0
----------
1
1
0
8
6
0
1
0
----------
1
1
0
10
6
0
1
0
----------
1
1
0
9
6
0
1
0
----------
1
1
0
6
2
0
1
0
----------
1
1
0
7
2
0
1
0
----------
1
1
0
8
2
0
1
0
----------
1
1
0
9
1
0
1
0
----------
1
1
0
10
1
0
1
0
----------
1
1
0
10
2
0
1
0
----------
1
1
0
8
1
0
1
0
----------
1
1
0
7
1
0
1
0
----------
1
1
0
6
1
0
1
0
----------
1
0
26
4
0
11
1
0
----------
1
0
2
4
3
5
1
2
----------
1
1
22
12
3
7
1
7
----------
1
1
10
12
4
3
1
2
----------
1
1
10
12
5
3
1
2
----------
1
1
10
11
5
3
1
2
----------
1
1
0
10
4
0
1
0
----------
1
1
21
13
3
6
1
2
----------
1
1
0
12
2
0
1
0
----------
1
1
21
13
2
6
1
2
----------
1
1
21
13
1
6
1
2
----------
1
1
0
13
4
0
1
0
----------
1
1
0
13
5
0
1
0
----------
1
1
21
13
0
6
1
2
----------
1
1
0
12
1
0
1
0
----------
1
1
22
12
0
7
1
7
----------
