8
8
2
4
**********
1
1
24
2
2
9
1
2
----------
1
1
1
1
3
1
1
0
----------
1
1
0
1
2
0
1
0
----------
1
1
0
3
2
0
1
0
----------
1
1
0
1
4
0
1
0
----------
1
0
26
0
4
11
1
0
----------
1
1
0
0
2
0
1
0
----------
1
0
2
0
3
5
1
2
----------
1
1
0
1
1
0
1
0
----------
1
1
0
2
1
0
1
0
----------
1
1
0
3
1
0
1
0
----------
1
1
0
1
0
0
1
0
----------
1
1
0
5
0
0
1
0
----------
1
1
0
5
1
0
1
0
----------
1
1
0
5
2
0
1
0
----------
1
1
0
5
3
0
1
0
----------
1
1
10
1
5
3
1
2
----------
1
1
0
2
5
0
1
0
----------
1
1
0
3
5
0
1
0
----------
1
1
0
4
5
0
1
0
----------
1
1
0
5
5
0
1
0
----------
1
1
0
6
5
0
1
0
----------
1
1
0
7
5
0
1
0
----------
1
1
0
7
4
0
1
0
----------
1
1
0
7
3
0
1
0
----------
1
1
0
7
2
0
1
0
----------
1
1
0
7
1
0
1
0
----------
1
1
0
8
7
0
1
0
----------
1
1
0
7
7
0
1
0
----------
1
1
0
6
7
0
1
0
----------
1
1
0
5
7
0
1
0
----------
1
1
0
4
7
0
1
0
----------
1
1
0
3
7
0
1
0
----------
1
0
26
0
6
11
1
0
----------
1
1
0
1
7
0
1
0
----------
1
1
0
0
5
0
1
0
----------
1
0
2
3
3
5
1
2
----------
1
1
1
4
2
1
1
0
----------
1
0
27
7
8
12
1
0
----------
1
0
26
8
8
11
1
0
----------
1
0
27
5
4
12
1
0
----------
1
1
0
2
0
0
1
0
----------
1
1
0
0
0
0
1
0
----------
1
1
0
0
1
0
1
0
----------
1
0
26
3
0
11
1
0
----------
