10
10
0
0
**********
1
1
22
2
8
7
1
7
----------
1
1
22
3
7
7
1
7
----------
1
1
10
3
8
3
1
2
----------
1
1
22
3
2
7
1
7
----------
1
1
22
7
2
7
1
7
----------
1
1
22
7
5
7
1
7
----------
1
1
22
10
5
7
1
7
----------
1
1
22
10
8
7
1
7
----------
1
1
0
4
10
0
1
0
----------
1
1
10
7
6
3
1
2
----------
1
1
10
4
4
3
1
2
----------
1
1
10
4
3
3
1
2
----------
1
1
22
0
2
7
1
7
----------
1
1
20
7
4
2
1
2
----------
1
1
20
8
2
2
1
2
----------
1
0
2
6
4
5
1
2
----------
1
0
39
6
0
17
1
2
----------
1
1
0
7
10
0
1
0
----------
1
1
0
4
0
0
1
0
----------
1
1
0
7
0
0
1
0
----------
1
1
22
0
3
7
1
7
----------
1
1
22
0
4
7
1
7
----------
1
1
22
0
5
7
1
7
----------
1
1
22
0
6
7
1
7
----------
1
1
22
10
10
7
1
7
----------
1
1
22
10
9
7
1
7
----------
1
1
22
10
7
7
1
7
----------
1
1
22
10
4
7
1
7
----------
1
1
22
10
2
7
1
7
----------
1
1
21
3
4
6
1
2
----------
1
1
21
3
3
6
1
2
----------
1
1
23
4
2
8
1
2
----------
1
1
23
8
4
8
1
2
----------
1
1
24
8
5
9
1
2
----------
1
1
25
8
3
10
1
2
----------
1
0
30
3
0
15
1
2
----------
1
0
27
4
1
12
1
0
----------
1
0
26
9
0
11
1
0
----------
