15
21
0
0
**********
1
0
27
0
2
12
1
0
----------
1
0
39
0
3
17
1
2
----------
1
1
0
1
8
0
1
0
----------
1
1
0
1
11
0
1
0
----------
1
1
0
1
14
0
1
0
----------
1
0
28
2
0
13
1
2
----------
1
0
26
3
0
11
1
0
----------
1
1
0
1
5
0
1
0
----------
1
1
0
1
17
0
1
0
----------
1
1
0
1
2
0
1
0
----------
1
1
0
1
20
0
1
0
----------
1
0
39
0
6
17
1
2
----------
1
0
27
0
8
12
1
0
----------
1
1
0
2
20
0
1
0
----------
1
1
0
3
20
0
1
0
----------
1
1
0
4
20
0
1
0
----------
1
1
0
1
1
0
1
0
----------
1
1
10
2
17
3
1
2
----------
1
0
27
0
11
12
1
0
----------
1
0
27
0
14
12
1
0
----------
1
0
27
0
17
12
1
0
----------
1
0
39
0
18
17
1
2
----------
1
0
39
0
15
17
1
2
----------
1
0
39
0
12
17
1
2
----------
1
0
39
0
9
17
1
2
----------
1
0
27
0
5
12
1
0
----------
1
1
10
2
14
3
1
2
----------
1
1
10
2
11
3
1
2
----------
1
1
10
2
8
3
1
2
----------
1
1
10
2
5
3
1
2
----------
1
1
10
2
2
3
1
2
----------
1
1
0
2
1
0
1
0
----------
1
1
0
3
1
0
1
0
----------
1
1
0
7
1
0
1
0
----------
1
1
0
3
2
0
1
0
----------
1
1
0
4
2
0
1
0
----------
1
1
0
3
5
0
1
0
----------
1
1
0
4
5
0
1
0
----------
1
1
0
3
8
0
1
0
----------
1
1
0
4
8
0
1
0
----------
1
1
0
5
8
0
1
0
----------
1
1
0
5
5
0
1
0
----------
1
1
0
5
2
0
1
0
----------
1
1
0
6
1
0
1
0
----------
1
1
0
3
11
0
1
0
----------
1
1
0
4
11
0
1
0
----------
1
1
0
5
11
0
1
0
----------
1
1
0
3
14
0
1
0
----------
1
1
0
4
14
0
1
0
----------
1
1
0
5
14
0
1
0
----------
1
1
0
3
17
0
1
0
----------
1
1
0
4
17
0
1
0
----------
1
1
0
5
17
0
1
0
----------
1
1
0
5
20
0
1
0
----------
1
0
27
0
20
12
1
0
----------
1
1
0
12
20
0
1
0
----------
1
1
0
13
19
0
1
0
----------
1
1
0
13
18
0
1
0
----------
1
1
0
12
17
0
1
0
----------
1
1
0
10
17
0
1
0
----------
1
1
0
11
16
0
1
0
----------
1
1
0
11
15
0
1
0
----------
1
1
0
10
14
0
1
0
----------
1
1
0
11
11
0
1
0
----------
1
1
0
12
12
0
1
0
----------
1
1
0
15
10
0
1
0
----------
1
1
0
14
8
0
1
0
----------
1
1
0
11
8
0
1
0
----------
1
1
0
12
7
0
1
0
----------
1
1
0
12
6
0
1
0
----------
1
1
0
11
5
0
1
0
----------
1
1
0
20
4
0
1
0
----------
1
1
0
20
3
0
1
0
----------
1
1
0
15
9
0
1
0
----------
1
1
0
14
11
0
1
0
----------
1
1
0
19
5
0
1
0
----------
1
1
0
19
2
0
1
0
----------
1
1
0
12
13
0
1
0
----------
1
1
0
11
14
0
1
0
----------
1
1
0
6
20
0
1
0
----------
1
1
0
7
20
0
1
0
----------
1
1
0
7
17
0
1
0
----------
1
1
0
6
17
0
1
0
----------
1
1
0
6
14
0
1
0
----------
1
1
0
7
14
0
1
0
----------
1
1
0
7
11
0
1
0
----------
1
1
0
6
11
0
1
0
----------
1
1
0
6
8
0
1
0
----------
1
1
0
7
8
0
1
0
----------
1
1
0
7
5
0
1
0
----------
1
1
0
6
5
0
1
0
----------
1
1
0
6
2
0
1
0
----------
1
1
0
5
1
0
1
0
----------
1
1
0
4
1
0
1
0
----------
1
1
0
7
2
0
1
0
----------
1
1
0
11
17
0
1
0
----------
1
1
0
11
20
0
1
0
----------
1
1
0
10
20
0
1
0
----------
1
1
0
10
21
0
1
0
----------
1
1
0
11
21
0
1
0
----------
1
1
0
12
21
0
1
0
----------
1
1
0
13
21
0
1
0
----------
1
1
0
13
20
0
1
0
----------
1
1
0
13
17
0
1
0
----------
1
1
0
12
16
0
1
0
----------
1
1
0
12
15
0
1
0
----------
1
1
0
12
14
0
1
0
----------
1
1
0
13
14
0
1
0
----------
1
1
0
13
15
0
1
0
----------
1
1
0
13
16
0
1
0
----------
1
1
0
13
13
0
1
0
----------
1
1
0
13
12
0
1
0
----------
1
1
0
13
11
0
1
0
----------
1
1
0
12
11
0
1
0
----------
1
1
0
14
13
0
1
0
----------
1
1
0
14
12
0
1
0
----------
1
1
0
15
12
0
1
0
----------
1
1
0
15
11
0
1
0
----------
1
1
0
15
13
0
1
0
----------
1
1
0
14
14
0
1
0
----------
1
1
0
15
14
0
1
0
----------
1
1
0
14
15
0
1
0
----------
1
1
0
15
15
0
1
0
----------
1
1
0
14
16
0
1
0
----------
1
1
0
15
16
0
1
0
----------
1
1
0
14
18
0
1
0
----------
1
1
0
15
17
0
1
0
----------
1
1
0
14
17
0
1
0
----------
1
1
0
15
18
0
1
0
----------
1
1
0
14
20
0
1
0
----------
1
1
0
15
20
0
1
0
----------
1
1
0
15
19
0
1
0
----------
1
1
0
14
19
0
1
0
----------
1
1
0
14
21
0
1
0
----------
1
1
0
15
21
0
1
0
----------
1
1
21
8
5
6
1
2
----------
1
1
21
9
5
6
1
2
----------
1
1
22
10
5
7
1
7
----------
1
1
0
12
8
0
1
0
----------
1
1
0
12
5
0
1
0
----------
1
1
22
15
8
7
1
7
----------
1
1
0
14
7
0
1
0
----------
1
1
21
15
7
6
1
2
----------
1
1
0
13
5
0
1
0
----------
1
1
0
14
5
0
1
0
----------
1
1
0
14
4
0
1
0
----------
1
1
0
14
3
0
1
0
----------
1
1
0
14
2
0
1
0
----------
1
1
0
14
1
0
1
0
----------
1
1
0
11
2
0
1
0
----------
1
1
0
13
2
0
1
0
----------
1
1
0
12
2
0
1
0
----------
1
1
0
13
1
0
1
0
----------
1
1
0
12
1
0
1
0
----------
1
1
0
11
1
0
1
0
----------
1
1
24
10
2
9
1
2
----------
1
1
20
9
2
2
1
2
----------
1
1
20
9
1
2
1
2
----------
1
0
26
8
1
11
1
0
----------
1
1
10
8
8
3
1
2
----------
1
1
20
9
8
2
1
2
----------
1
1
10
10
8
3
1
2
----------
1
0
2
9
14
5
1
2
----------
1
0
27
8
14
12
1
0
----------
1
0
28
8
11
13
1
2
----------
1
0
29
10
11
14
1
2
----------
1
0
28
9
11
13
1
2
----------
1
1
21
8
17
6
1
2
----------
1
1
21
9
17
6
1
2
----------
1
1
23
8
20
8
1
2
----------
