11
15
0
0
**********
1
1
22
0
3
7
1
7
----------
1
1
22
2
3
7
1
7
----------
1
1
22
3
2
7
1
7
----------
1
1
22
3
0
7
1
7
----------
1
1
22
3
3
7
1
7
----------
1
1
22
3
4
7
1
7
----------
1
1
22
4
3
7
1
7
----------
1
1
22
3
6
7
1
7
----------
1
1
22
3
7
7
1
7
----------
1
1
22
3
8
7
1
7
----------
1
1
11
4
7
4
1
2
----------
1
1
22
2
7
7
1
7
----------
1
1
22
0
7
7
1
7
----------
1
1
22
0
11
7
1
7
----------
1
1
22
2
11
7
1
7
----------
1
1
22
3
11
7
1
7
----------
1
1
22
3
10
7
1
7
----------
1
1
22
3
12
7
1
7
----------
1
1
22
4
11
7
1
7
----------
1
1
0
3
15
0
1
0
----------
1
1
0
0
15
0
1
0
----------
1
1
0
1
15
0
1
0
----------
1
1
0
2
15
0
1
0
----------
1
1
0
4
15
0
1
0
----------
1
1
0
5
15
0
1
0
----------
1
1
0
6
15
0
1
0
----------
1
1
0
7
15
0
1
0
----------
1
1
0
8
15
0
1
0
----------
1
1
0
10
15
0
1
0
----------
1
1
0
11
15
0
1
0
----------
1
1
0
9
15
0
1
0
----------
1
1
22
3
14
7
1
7
----------
1
1
22
7
14
7
1
7
----------
1
1
22
7
12
7
1
7
----------
1
1
22
7
11
7
1
7
----------
1
1
22
6
11
7
1
7
----------
1
1
22
7
10
7
1
7
----------
1
1
22
8
11
7
1
7
----------
1
1
0
11
14
0
1
0
----------
1
1
0
11
13
0
1
0
----------
1
1
0
11
12
0
1
0
----------
1
1
0
11
11
0
1
0
----------
1
1
0
11
10
0
1
0
----------
1
1
0
11
9
0
1
0
----------
1
1
0
11
7
0
1
0
----------
1
1
0
11
6
0
1
0
----------
1
1
0
11
5
0
1
0
----------
1
1
0
11
4
0
1
0
----------
1
1
0
11
3
0
1
0
----------
1
1
0
11
2
0
1
0
----------
1
1
0
11
0
0
1
0
----------
1
1
0
11
1
0
1
0
----------
1
1
0
11
8
0
1
0
----------
1
1
22
10
11
7
1
7
----------
1
1
22
7
8
7
1
7
----------
1
1
22
8
7
7
1
7
----------
1
1
22
10
7
7
1
7
----------
1
1
22
7
7
7
1
7
----------
1
1
22
6
7
7
1
7
----------
1
1
22
7
6
7
1
7
----------
1
1
22
10
3
7
1
7
----------
1
1
22
8
3
7
1
7
----------
1
1
22
7
3
7
1
7
----------
1
1
22
7
2
7
1
7
----------
1
1
22
6
3
7
1
7
----------
1
1
22
7
4
7
1
7
----------
1
1
22
7
0
7
1
7
----------
1
0
29
1
2
14
1
2
----------
1
0
29
5
3
14
1
2
----------
1
0
30
3
5
15
1
2
----------
1
0
30
2
6
15
1
2
----------
1
1
11
6
9
4
1
2
----------
1
1
21
4
6
6
1
2
----------
1
0
26
4
4
11
1
0
----------
1
1
21
1
11
6
1
2
----------
1
0
28
3
9
13
1
2
----------
1
0
2
0
10
5
1
2
----------
1
0
28
0
8
13
1
2
----------
1
0
29
4
1
14
1
2
----------
1
0
29
6
0
14
1
2
----------
1
0
29
5
0
14
1
2
----------
1
0
29
4
0
14
1
2
----------
1
0
29
4
2
14
1
2
----------
1
0
29
6
2
14
1
2
----------
1
0
29
5
2
14
1
2
----------
1
0
29
5
1
14
1
2
----------
1
0
29
6
1
14
1
2
----------
1
0
26
9
1
11
1
0
----------
1
1
11
8
4
4
1
2
----------
1
1
11
10
4
4
1
2
----------
1
0
28
7
5
13
1
2
----------
1
1
21
9
0
6
1
2
----------
1
1
21
10
0
6
1
2
----------
1
1
21
10
1
6
1
2
----------
1
0
28
10
2
13
1
2
----------
1
0
28
8
0
13
1
2
----------
1
0
28
8
2
13
1
2
----------
1
1
10
6
10
3
1
2
----------
1
1
10
6
13
3
1
2
----------
1
0
28
9
11
13
1
2
----------
1
1
23
9
9
8
1
2
----------
1
0
27
4
9
12
1
0
----------
1
0
29
6
5
14
1
2
----------
1
0
29
5
5
14
1
2
----------
1
0
26
6
4
11
1
0
----------
1
0
26
6
6
11
1
0
----------
1
0
29
5
9
14
1
2
----------
1
0
26
4
14
11
1
0
----------
1
1
11
7
13
4
1
2
----------
1
0
26
8
14
11
1
0
----------
1
0
26
8
12
11
1
0
----------
1
0
26
10
12
11
1
0
----------
1
0
26
9
13
11
1
0
----------
1
0
26
10
13
11
1
0
----------
1
0
26
1
12
11
1
0
----------
1
0
26
10
14
11
1
0
----------
1
0
26
9
14
11
1
0
----------
1
0
27
3
13
12
1
0
----------
1
1
25
2
14
10
1
2
----------
1
1
25
1
14
10
1
2
----------
1
1
25
0
13
10
1
2
----------
1
1
25
0
14
10
1
2
----------
1
1
25
0
12
10
1
2
----------
1
1
25
2
12
10
1
2
----------
1
0
26
0
6
11
1
0
----------
1
0
26
0
4
11
1
0
----------
1
0
26
2
4
11
1
0
----------
1
0
26
10
6
11
1
0
----------
1
0
26
10
5
11
1
0
----------
1
0
26
7
1
11
1
0
----------
1
0
26
10
9
11
1
0
----------
1
0
26
10
10
11
1
0
----------
1
0
26
10
8
11
1
0
----------
1
0
28
5
13
13
1
2
----------
1
0
29
9
3
14
1
2
----------
1
0
26
3
1
11
1
0
----------
1
0
28
6
8
13
1
2
----------
