3
7
0
0
**********
1
0
45
0
1
19
1
1
----------
1
0
45
0
2
19
1
1
----------
1
1
23
0
1
8
1
2
----------
1
0
45
0
3
19
1
1
----------
1
0
45
0
4
19
1
1
----------
1
0
45
0
5
19
1
1
----------
1
0
45
0
6
19
1
1
----------
1
0
28
0
7
13
1
2
----------
1
1
0
1
6
0
1
0
----------
1
1
22
1
7
7
1
7
----------
1
1
22
3
7
7
1
7
----------
1
1
0
2
6
0
1
0
----------
1
0
26
3
6
11
1
0
----------
1
1
0
1
0
0
1
0
----------
1
0
45
2
0
19
1
4
----------
1
0
45
3
0
19
1
1
----------
1
0
45
3
1
19
1
1
----------
1
0
45
3
2
19
1
1
----------
1
0
45
3
3
19
1
1
----------
1
0
45
3
4
19
1
1
----------
1
0
45
1
1
19
1
4
----------
1
0
45
2
1
19
1
4
----------
1
0
45
1
2
19
1
4
----------
1
0
45
1
3
19
1
4
----------
1
0
45
2
2
19
1
4
----------
1
0
45
2
3
19
1
4
----------
1
0
45
1
4
19
1
4
----------
1
0
45
2
4
19
1
4
----------
1
0
45
1
5
19
1
4
----------
1
0
45
2
5
19
1
4
----------
