20
21
11
10
**********
1
1
20
14
9
2
1
2
----------
1
1
20
14
10
2
1
2
----------
1
1
20
14
11
2
1
2
----------
1
1
1
10
7
1
1
0
----------
1
1
1
12
7
1
1
0
----------
1
1
10
7
10
3
1
2
----------
1
1
10
6
10
3
1
2
----------
1
1
10
5
10
3
1
2
----------
1
1
20
7
9
2
1
2
----------
1
0
2
11
7
5
1
2
----------
1
1
21
9
14
6
1
2
----------
1
1
21
7
14
6
1
2
----------
1
1
22
9
0
7
1
7
----------
1
1
21
5
14
6
1
2
----------
1
1
22
10
0
7
1
7
----------
1
1
22
14
0
7
1
7
----------
1
1
22
14
3
7
1
7
----------
1
1
22
12
3
7
1
7
----------
1
1
23
9
16
8
1
2
----------
1
1
23
7
16
8
1
2
----------
1
1
23
5
16
8
1
2
----------
1
1
24
12
14
9
1
2
----------
1
1
25
9
18
10
1
2
----------
1
1
25
7
18
10
1
2
----------
1
1
25
5
18
10
1
2
----------
1
1
11
9
20
4
1
2
----------
1
1
11
7
20
4
1
2
----------
1
1
11
5
20
4
1
2
----------
1
1
10
5
19
3
1
2
----------
1
0
26
20
21
11
1
0
----------
1
0
27
14
13
12
1
0
----------
1
0
28
0
12
13
1
2
----------
1
0
28
0
11
13
1
2
----------
1
0
29
0
13
14
1
2
----------
1
0
29
0
14
14
1
2
----------
1
1
31
0
9
16
1
2
----------
1
1
31
0
7
16
1
2
----------
1
1
31
0
5
16
1
2
----------
1
0
39
0
1
17
1
4
----------
1
1
0
20
0
0
1
0
----------
1
1
0
20
3
0
1
0
----------
1
1
0
0
3
0
1
0
----------
1
1
0
0
0
0
1
0
----------
1
0
29
12
21
14
1
2
----------
1
0
29
13
21
14
1
2
----------
1
0
29
14
21
14
1
2
----------
1
0
29
15
21
14
1
2
----------
1
0
29
16
21
14
1
2
----------
1
0
29
17
21
14
1
2
----------
1
0
29
18
21
14
1
2
----------
1
0
29
18
20
14
1
2
----------
1
0
29
18
19
14
1
2
----------
1
0
29
17
19
14
1
2
----------
1
0
29
16
19
14
1
2
----------
1
0
29
15
19
14
1
2
----------
1
0
29
14
19
14
1
2
----------
1
0
29
13
19
14
1
2
----------
1
0
29
12
19
14
1
2
----------
1
0
29
12
18
14
1
2
----------
1
0
29
12
17
14
1
2
----------
1
0
29
14
17
14
1
2
----------
1
0
29
13
17
14
1
2
----------
1
0
29
15
17
14
1
2
----------
1
0
29
16
17
14
1
2
----------
1
0
29
17
17
14
1
2
----------
1
0
29
18
17
14
1
2
----------
1
0
29
18
16
14
1
2
----------
1
0
29
18
15
14
1
2
----------
1
0
29
17
15
14
1
2
----------
1
0
29
16
15
14
1
2
----------
1
0
29
15
15
14
1
2
----------
1
0
29
14
15
14
1
2
----------
1
0
29
13
15
14
1
2
----------
