9
10
0
0
**********
1
1
0
0
1
0
1
0
----------
1
1
21
1
1
6
1
2
----------
1
1
10
1
2
3
1
2
----------
1
1
10
2
2
3
1
2
----------
1
1
10
3
2
3
1
2
----------
1
1
10
4
2
3
1
2
----------
1
1
10
5
2
3
1
2
----------
1
1
0
2
1
0
1
0
----------
1
1
0
3
1
0
1
0
----------
1
1
0
4
1
0
1
0
----------
1
1
0
5
1
0
1
0
----------
1
1
0
6
1
0
1
0
----------
1
1
0
7
1
0
1
0
----------
1
1
0
8
1
0
1
0
----------
1
0
2
9
0
5
1
2
----------
1
1
0
8
2
0
1
0
----------
1
1
0
8
3
0
1
0
----------
1
1
0
8
4
0
1
0
----------
1
1
0
8
5
0
1
0
----------
1
1
0
8
6
0
1
0
----------
1
1
0
8
7
0
1
0
----------
1
1
0
8
8
0
1
0
----------
1
1
0
8
9
0
1
0
----------
1
1
0
7
9
0
1
0
----------
1
1
0
6
9
0
1
0
----------
1
1
0
5
9
0
1
0
----------
1
1
0
4
9
0
1
0
----------
1
1
0
3
9
0
1
0
----------
1
1
0
2
9
0
1
0
----------
1
1
0
1
9
0
1
0
----------
1
1
0
1
8
0
1
0
----------
1
1
0
1
7
0
1
0
----------
1
1
0
1
6
0
1
0
----------
1
1
0
1
5
0
1
0
----------
1
1
0
0
2
0
1
0
----------
1
1
0
0
3
0
1
0
----------
1
1
0
1
3
0
1
0
----------
1
1
0
2
3
0
1
0
----------
1
1
0
3
3
0
1
0
----------
1
1
0
4
3
0
1
0
----------
1
1
0
5
3
0
1
0
----------
1
1
0
6
3
0
1
0
----------
1
1
0
6
4
0
1
0
----------
1
1
0
6
5
0
1
0
----------
1
1
0
6
6
0
1
0
----------
1
1
0
6
7
0
1
0
----------
1
1
0
5
7
0
1
0
----------
1
1
0
4
7
0
1
0
----------
1
1
0
3
7
0
1
0
----------
1
1
0
2
5
0
1
0
----------
1
1
0
3
5
0
1
0
----------
1
1
20
4
5
2
1
2
----------
1
1
10
6
2
3
1
2
----------
1
1
20
7
2
2
1
2
----------
1
1
10
7
3
3
1
2
----------
1
1
10
7
4
3
1
2
----------
1
1
10
7
5
3
1
2
----------
1
1
10
7
6
3
1
2
----------
1
1
10
7
7
3
1
2
----------
1
1
20
7
8
2
1
2
----------
1
1
10
6
8
3
1
2
----------
1
1
10
5
8
3
1
2
----------
1
1
10
4
8
3
1
2
----------
1
1
20
2
8
2
1
2
----------
1
1
10
3
8
3
1
2
----------
1
1
10
2
7
3
1
2
----------
1
1
20
2
6
2
1
2
----------
1
1
20
3
6
2
1
2
----------
1
1
20
4
6
2
1
2
----------
1
0
26
5
5
11
1
0
----------
1
1
11
4
4
4
1
2
----------
1
1
0
5
6
0
1
0
----------
