10
4
0
2
**********
1
1
21
0
1
6
1
2
----------
1
1
21
0
3
6
1
2
----------
1
1
11
0
4
4
1
2
----------
1
1
11
1
4
4
1
2
----------
1
1
11
2
4
4
1
2
----------
1
1
11
3
4
4
1
2
----------
1
1
11
4
4
4
1
2
----------
1
1
11
5
4
4
1
2
----------
1
1
11
6
4
4
1
2
----------
1
1
11
7
4
4
1
2
----------
1
1
11
8
4
4
1
2
----------
1
1
11
9
4
4
1
2
----------
1
1
11
10
4
4
1
2
----------
1
1
11
10
3
4
1
2
----------
1
1
11
10
1
4
1
2
----------
1
1
11
10
0
4
1
2
----------
1
1
11
9
0
4
1
2
----------
1
1
11
8
0
4
1
2
----------
1
1
11
7
0
4
1
2
----------
1
1
11
6
0
4
1
2
----------
1
1
11
5
0
4
1
2
----------
1
1
11
4
0
4
1
2
----------
1
1
11
3
0
4
1
2
----------
1
1
11
2
0
4
1
2
----------
1
1
11
1
0
4
1
2
----------
1
1
11
0
0
4
1
2
----------
1
1
0
1
1
0
1
0
----------
1
1
0
1
3
0
1
0
----------
1
1
10
2
3
3
1
2
----------
1
1
10
2
1
3
1
2
----------
1
1
10
3
1
3
1
2
----------
1
1
10
4
1
3
1
2
----------
1
1
10
5
1
3
1
2
----------
1
1
10
6
1
3
1
2
----------
1
1
10
7
1
3
1
2
----------
1
1
10
8
1
3
1
2
----------
1
1
10
9
1
3
1
2
----------
1
1
10
9
3
3
1
2
----------
1
1
10
8
3
3
1
2
----------
1
1
10
7
3
3
1
2
----------
1
1
10
6
3
3
1
2
----------
1
1
10
5
3
3
1
2
----------
1
1
10
4
3
3
1
2
----------
1
1
10
3
3
3
1
2
----------
1
0
26
10
2
11
1
0
----------
