9
2
0
0
**********
1
1
0
0
1
0
1
0
----------
1
1
0
2
1
0
1
0
----------
1
1
0
4
1
0
1
0
----------
1
1
0
6
1
0
1
0
----------
1
1
0
8
1
0
1
0
----------
1
1
25
1
1
10
1
2
----------
1
1
25
3
1
10
1
2
----------
1
1
25
5
1
10
1
2
----------
1
1
25
7
1
10
1
2
----------
1
0
26
0
2
11
1
0
----------
1
0
26
8
0
11
1
0
----------
1
0
26
8
2
11
1
0
----------
1
0
26
2
0
11
1
0
----------
1
0
26
4
0
11
1
0
----------
1
0
26
6
0
11
1
0
----------
1
0
26
6
2
11
1
0
----------
1
0
26
4
2
11
1
0
----------
1
0
26
2
2
11
1
0
----------
