10
5
0
0
**********
1
1
0
1
1
0
1
0
----------
1
1
25
2
1
10
1
2
----------
1
1
25
3
1
10
1
2
----------
1
1
25
4
1
10
1
2
----------
1
1
0
0
1
0
1
0
----------
1
1
25
5
1
10
1
2
----------
1
1
25
6
1
10
1
2
----------
1
1
25
7
1
10
1
2
----------
1
1
0
8
1
0
1
0
----------
1
1
0
9
3
0
1
0
----------
1
1
0
9
4
0
1
0
----------
1
1
0
7
3
0
1
0
----------
1
1
0
5
3
0
1
0
----------
1
1
0
6
3
0
1
0
----------
1
1
0
4
3
0
1
0
----------
1
1
0
3
3
0
1
0
----------
1
1
0
2
3
0
1
0
----------
1
1
0
1
3
0
1
0
----------
1
0
26
0
2
11
1
0
----------
1
1
0
9
1
0
1
0
----------
1
1
0
9
2
0
1
0
----------
1
1
0
8
4
0
1
0
----------
1
1
0
7
4
0
1
0
----------
1
1
0
0
5
0
1
0
----------
1
1
0
1
5
0
1
0
----------
1
1
0
2
5
0
1
0
----------
1
1
0
3
5
0
1
0
----------
1
1
0
4
5
0
1
0
----------
1
1
0
5
5
0
1
0
----------
1
0
26
8
3
11
1
0
----------
