8
6
0
0
**********
1
0
26
8
4
11
1
0
----------
1
1
0
1
1
0
1
0
----------
1
1
25
2
1
10
1
2
----------
1
1
11
3
1
4
1
2
----------
1
1
0
4
1
0
1
0
----------
1
1
0
5
1
0
1
0
----------
1
1
0
6
1
0
1
0
----------
1
1
0
7
1
0
1
0
----------
1
1
0
1
6
0
1
0
----------
1
0
26
1
2
11
1
0
----------
1
1
0
0
6
0
1
0
----------
1
0
26
8
6
11
1
0
----------
1
1
0
8
3
0
1
0
----------
1
1
0
7
3
0
1
0
----------
1
1
0
6
3
0
1
0
----------
1
1
25
5
3
10
1
2
----------
1
1
0
3
3
0
1
0
----------
1
1
25
0
4
10
1
2
----------
1
1
10
2
3
3
1
2
----------
1
1
0
1
3
0
1
0
----------
1
0
26
5
4
11
1
0
----------
1
1
0
1
4
0
1
0
----------
1
1
0
2
4
0
1
0
----------
1
1
0
3
4
0
1
0
----------
1
0
26
6
4
11
1
0
----------
1
1
10
0
3
3
1
2
----------
1
1
0
7
4
0
1
0
----------
1
1
25
7
5
10
1
2
----------
1
1
25
6
5
10
1
2
----------
1
1
0
5
5
0
1
0
----------
1
1
0
2
6
0
1
0
----------
1
1
0
3
6
0
1
0
----------
