11
10
1
1
**********
1
1
0
0
1
0
1
0
----------
1
1
0
0
0
0
1
0
----------
1
1
0
1
0
0
1
0
----------
1
1
25
2
0
10
1
2
----------
1
1
25
3
0
10
1
2
----------
1
1
25
4
0
10
1
2
----------
1
1
25
5
0
10
1
2
----------
1
1
25
6
0
10
1
2
----------
1
1
25
7
0
10
1
2
----------
1
1
0
8
0
0
1
0
----------
1
1
0
9
0
0
1
0
----------
1
1
0
10
0
0
1
0
----------
1
0
26
10
1
11
1
0
----------
1
1
1
1
2
1
1
0
----------
1
1
0
10
3
0
1
0
----------
1
1
1
9
1
1
1
0
----------
1
1
0
6
2
0
1
0
----------
1
1
0
7
2
0
1
0
----------
1
1
0
5
2
0
1
0
----------
1
1
0
4
2
0
1
0
----------
1
1
0
3
2
0
1
0
----------
1
1
0
2
2
0
1
0
----------
1
1
0
9
2
0
1
0
----------
1
1
0
9
3
0
1
0
----------
1
1
25
8
4
10
1
2
----------
1
1
25
7
4
10
1
2
----------
1
1
25
6
4
10
1
2
----------
1
1
25
5
4
10
1
2
----------
1
1
25
4
4
10
1
2
----------
1
1
0
3
4
0
1
0
----------
1
1
0
2
4
0
1
0
----------
1
1
0
0
2
0
1
0
----------
1
1
0
0
3
0
1
0
----------
1
1
0
0
4
0
1
0
----------
1
0
2
2
3
5
1
2
----------
1
0
2
1
3
5
1
2
----------
1
1
0
0
5
0
1
0
----------
1
0
2
10
2
5
1
2
----------
1
1
0
9
4
0
1
0
----------
1
1
25
10
9
10
1
2
----------
1
0
26
2
5
11
1
0
----------
1
1
1
1
5
1
1
0
----------
1
1
25
1
7
10
1
2
----------
1
1
0
0
9
0
1
0
----------
1
1
0
0
10
0
1
0
----------
1
1
0
2
9
0
1
0
----------
1
1
0
2
8
0
1
0
----------
1
1
10
2
7
3
1
2
----------
1
1
0
2
6
0
1
0
----------
1
1
0
3
9
0
1
0
----------
1
1
20
4
9
2
1
2
----------
1
0
26
4
10
11
1
0
----------
1
1
10
3
7
3
1
2
----------
1
1
10
4
7
3
1
2
----------
1
1
10
4
8
3
1
2
----------
1
1
10
5
6
3
1
2
----------
1
1
10
5
7
3
1
2
----------
1
1
10
7
7
3
1
2
----------
1
0
26
7
9
11
1
0
----------
1
1
0
6
10
0
1
0
----------
1
1
10
8
7
3
1
2
----------
1
1
10
8
8
3
1
2
----------
1
1
20
8
9
2
1
2
----------
1
1
0
3
6
0
1
0
----------
1
1
0
3
5
0
1
0
----------
1
1
0
4
5
0
1
0
----------
1
1
0
4
6
0
1
0
----------
1
1
10
6
6
3
1
2
----------
1
1
0
5
5
0
1
0
----------
1
1
0
6
5
0
1
0
----------
1
1
10
7
6
3
1
2
----------
1
1
0
6
7
0
1
0
----------
1
1
0
7
5
0
1
0
----------
1
1
0
8
5
0
1
0
----------
1
1
0
8
6
0
1
0
----------
1
1
0
11
0
0
1
0
----------
1
1
0
11
1
0
1
0
----------
1
1
0
11
2
0
1
0
----------
1
1
0
11
3
0
1
0
----------
1
1
25
11
7
10
1
2
----------
1
1
25
10
5
10
1
2
----------
1
0
26
10
4
11
1
0
----------
1
1
0
9
5
0
1
0
----------
1
1
0
9
6
0
1
0
----------
1
1
0
9
7
0
1
0
----------
1
1
0
9
8
0
1
0
----------
1
1
0
9
9
0
1
0
----------
1
1
0
3
8
0
1
0
----------
1
1
0
5
8
0
1
0
----------
1
1
0
7
8
0
1
0
----------
1
1
0
6
8
0
1
0
----------
