12
12
1
1
**********
1
1
25
1
0
10
1
2
----------
1
1
25
0
1
10
1
2
----------
1
1
0
0
0
0
1
0
----------
1
1
0
0
2
0
1
0
----------
1
1
0
2
0
0
1
0
----------
1
1
0
2
2
0
1
0
----------
1
0
2
0
4
5
1
2
----------
1
1
0
1
4
0
1
0
----------
1
1
0
2
4
0
1
0
----------
1
1
0
2
3
0
1
0
----------
1
1
1
1
3
1
1
0
----------
1
1
25
3
2
10
1
2
----------
1
1
0
4
2
0
1
0
----------
1
1
0
4
1
0
1
0
----------
1
0
2
4
0
5
1
2
----------
1
0
26
0
3
11
1
0
----------
1
1
0
1
5
0
1
0
----------
1
1
25
0
5
10
1
2
----------
1
1
0
5
1
0
1
0
----------
1
1
1
5
0
1
1
0
----------
1
1
0
7
0
0
1
0
----------
1
1
25
7
1
10
1
2
----------
1
1
25
7
2
10
1
2
----------
1
1
0
7
3
0
1
0
----------
1
1
0
6
3
0
1
0
----------
1
1
0
5
4
0
1
0
----------
1
1
0
6
4
0
1
0
----------
1
1
0
4
4
0
1
0
----------
1
1
0
4
5
0
1
0
----------
1
1
0
4
6
0
1
0
----------
1
1
0
3
6
0
1
0
----------
1
1
0
3
7
0
1
0
----------
1
1
25
2
7
10
1
2
----------
1
1
25
1
7
10
1
2
----------
1
1
25
5
9
10
1
2
----------
1
1
25
4
9
10
1
2
----------
1
1
25
3
9
10
1
2
----------
1
1
25
2
9
10
1
2
----------
1
1
0
1
9
0
1
0
----------
1
1
25
0
9
10
1
2
----------
1
1
0
6
9
0
1
0
----------
1
1
0
6
8
0
1
0
----------
1
1
0
6
7
0
1
0
----------
1
1
0
6
6
0
1
0
----------
1
1
0
7
6
0
1
0
----------
1
1
0
8
6
0
1
0
----------
1
1
0
9
6
0
1
0
----------
1
1
0
9
5
0
1
0
----------
1
1
0
9
4
0
1
0
----------
1
1
0
9
3
0
1
0
----------
1
1
0
9
2
0
1
0
----------
1
1
0
9
1
0
1
0
----------
1
0
26
6
10
11
1
0
----------
1
1
0
7
9
0
1
0
----------
1
1
0
7
10
0
1
0
----------
1
1
0
7
11
0
1
0
----------
1
1
0
6
11
0
1
0
----------
1
1
25
5
11
10
1
2
----------
1
1
0
4
11
0
1
0
----------
1
1
25
3
11
10
1
2
----------
1
1
0
2
11
0
1
0
----------
1
1
0
1
11
0
1
0
----------
1
1
0
4
7
0
1
0
----------
1
1
25
10
1
10
1
2
----------
1
1
25
11
1
10
1
2
----------
1
1
25
12
4
10
1
2
----------
1
1
25
11
4
10
1
2
----------
1
1
0
9
7
0
1
0
----------
1
1
0
8
7
0
1
0
----------
1
1
0
7
7
0
1
0
----------
1
1
25
10
7
10
1
2
----------
1
1
25
11
7
10
1
2
----------
1
1
0
12
9
0
1
0
----------
1
1
0
11
9
0
1
0
----------
1
1
0
10
9
0
1
0
----------
1
1
0
9
9
0
1
0
----------
1
0
26
7
8
11
1
0
----------
1
1
25
8
11
10
1
2
----------
1
1
25
10
11
10
1
2
----------
1
1
25
12
11
10
1
2
----------
1
1
22
12
12
7
1
7
----------
1
1
1
7
12
1
1
0
----------
