8
3
0
0
**********
1
1
23
2
2
8
1
2
----------
1
1
0
3
0
0
1
0
----------
1
1
0
3
1
0
1
0
----------
1
1
1
7
2
1
1
0
----------
1
1
0
1
3
0
1
0
----------
1
1
0
0
3
0
1
0
----------
1
1
0
7
3
0
1
0
----------
1
1
10
6
3
3
1
2
----------
1
0
2
1
1
5
1
2
----------
1
0
26
8
2
11
1
0
----------
1
1
0
8
3
0
1
0
----------
1
1
0
4
3
0
1
0
----------
1
1
0
4
1
0
1
0
----------
1
1
0
5
1
0
1
0
----------
1
1
0
6
1
0
1
0
----------
1
1
0
7
1
0
1
0
----------
1
1
0
8
1
0
1
0
----------
1
1
0
8
0
0
1
0
----------
1
1
0
7
0
0
1
0
----------
1
1
0
6
0
0
1
0
----------
1
1
0
4
0
0
1
0
----------
1
1
0
5
0
0
1
0
----------
