8
8
0
0
**********
1
1
23
1
1
8
1
2
----------
1
1
0
2
0
0
1
0
----------
1
1
0
3
0
0
1
0
----------
1
1
0
4
0
0
1
0
----------
1
1
0
5
0
0
1
0
----------
1
1
0
6
0
0
1
0
----------
1
1
0
7
7
0
1
0
----------
1
1
10
6
7
3
1
2
----------
1
1
21
2
2
6
1
2
----------
1
1
20
2
3
2
1
2
----------
1
1
20
3
2
2
1
2
----------
1
1
0
4
2
0
1
0
----------
1
1
0
5
2
0
1
0
----------
1
1
0
6
2
0
1
0
----------
1
1
0
7
2
0
1
0
----------
1
1
0
7
5
0
1
0
----------
1
1
0
2
4
0
1
0
----------
1
1
0
2
5
0
1
0
----------
1
1
0
2
6
0
1
0
----------
1
1
0
2
7
0
1
0
----------
1
1
0
7
4
0
1
0
----------
1
1
0
0
2
0
1
0
----------
1
1
0
0
3
0
1
0
----------
1
1
0
0
4
0
1
0
----------
1
1
0
0
5
0
1
0
----------
1
1
0
0
6
0
1
0
----------
1
1
0
7
3
0
1
0
----------
1
1
10
7
6
3
1
2
----------
1
1
0
5
7
0
1
0
----------
1
1
0
4
7
0
1
0
----------
1
1
0
3
7
0
1
0
----------
1
1
0
3
6
0
1
0
----------
1
1
0
4
6
0
1
0
----------
1
1
10
3
3
3
1
2
----------
1
1
10
6
6
3
1
2
----------
1
1
10
4
3
3
1
2
----------
1
1
10
4
4
3
1
2
----------
1
1
10
3
4
3
1
2
----------
1
1
0
3
5
0
1
0
----------
1
1
10
4
5
3
1
2
----------
1
1
10
5
5
3
1
2
----------
1
1
10
5
4
3
1
2
----------
1
1
0
5
3
0
1
0
----------
1
1
0
6
3
0
1
0
----------
1
1
0
6
4
0
1
0
----------
1
1
10
6
5
3
1
2
----------
1
1
10
5
6
3
1
2
----------
1
1
1
7
8
1
1
0
----------
1
1
1
8
7
1
1
0
----------
1
0
26
8
8
11
1
0
----------
