12
13
1
2
**********
1
1
0
0
0
0
1
0
----------
1
1
0
0
1
0
1
0
----------
1
1
0
1
0
0
1
0
----------
1
1
23
2
5
8
1
2
----------
1
1
10
12
4
3
1
2
----------
1
1
0
11
12
0
1
0
----------
1
1
0
12
10
0
1
0
----------
1
1
0
12
3
0
1
0
----------
1
1
0
11
0
0
1
0
----------
1
1
0
0
11
0
1
0
----------
1
1
0
1
9
0
1
0
----------
1
1
0
9
13
0
1
0
----------
1
1
0
8
13
0
1
0
----------
1
1
0
7
13
0
1
0
----------
1
1
0
6
13
0
1
0
----------
1
1
0
4
13
0
1
0
----------
1
1
0
5
13
0
1
0
----------
1
1
0
3
13
0
1
0
----------
1
1
0
2
13
0
1
0
----------
1
1
0
1
13
0
1
0
----------
1
1
0
0
13
0
1
0
----------
1
1
0
0
12
0
1
0
----------
1
1
0
3
12
0
1
0
----------
1
1
10
4
12
3
1
2
----------
1
1
0
5
12
0
1
0
----------
1
1
0
6
12
0
1
0
----------
1
1
0
7
12
0
1
0
----------
1
1
0
8
12
0
1
0
----------
1
1
0
9
12
0
1
0
----------
1
1
0
0
7
0
1
0
----------
1
1
0
1
7
0
1
0
----------
1
1
0
2
7
0
1
0
----------
1
1
0
3
7
0
1
0
----------
1
1
0
4
7
0
1
0
----------
1
1
0
7
7
0
1
0
----------
1
1
0
2
1
0
1
0
----------
1
1
1
3
0
1
1
0
----------
1
1
0
3
1
0
1
0
----------
1
1
21
5
0
6
1
2
----------
1
1
0
1
1
0
1
0
----------
1
0
26
2
0
11
1
0
----------
1
1
0
6
10
0
1
0
----------
1
1
0
8
7
0
1
0
----------
1
1
0
9
7
0
1
0
----------
1
1
10
10
7
3
1
2
----------
1
1
0
5
4
0
1
0
----------
1
1
0
3
4
0
1
0
----------
1
1
0
4
6
0
1
0
----------
1
1
0
3
5
0
1
0
----------
1
1
0
3
6
0
1
0
----------
1
1
0
0
4
0
1
0
----------
1
1
0
0
5
0
1
0
----------
1
1
0
0
6
0
1
0
----------
1
1
0
0
2
0
1
0
----------
1
1
0
0
3
0
1
0
----------
1
1
0
12
9
0
1
0
----------
1
1
0
7
5
0
1
0
----------
1
1
0
7
4
0
1
0
----------
1
1
0
7
6
0
1
0
----------
1
1
0
6
0
0
1
0
----------
1
1
10
7
0
3
1
2
----------
1
1
0
8
0
0
1
0
----------
1
1
0
9
0
0
1
0
----------
1
1
0
10
0
0
1
0
----------
1
1
0
12
0
0
1
0
----------
1
1
0
2
9
0
1
0
----------
1
1
0
3
9
0
1
0
----------
1
1
0
4
9
0
1
0
----------
1
1
0
7
10
0
1
0
----------
1
1
0
8
10
0
1
0
----------
1
1
0
9
10
0
1
0
----------
1
1
0
7
8
0
1
0
----------
1
1
0
8
8
0
1
0
----------
1
1
0
9
8
0
1
0
----------
1
1
0
2
2
0
1
0
----------
