30
7
2
5
**********
1
1
0
0
2
0
1
0
----------
1
1
0
1
2
0
1
0
----------
1
1
0
2
2
0
1
0
----------
1
1
0
3
2
0
1
0
----------
1
1
0
4
2
0
1
0
----------
1
1
0
5
2
0
1
0
----------
1
1
0
7
2
0
1
0
----------
1
1
0
6
2
0
1
0
----------
1
1
0
8
2
0
1
0
----------
1
1
0
9
2
0
1
0
----------
1
1
0
10
2
0
1
0
----------
1
1
0
11
2
0
1
0
----------
1
1
0
12
2
0
1
0
----------
1
1
0
13
2
0
1
0
----------
1
1
23
4
7
8
1
2
----------
1
1
23
4
6
8
1
2
----------
1
1
23
4
5
8
1
2
----------
1
1
23
4
4
8
1
2
----------
1
1
23
4
3
8
1
2
----------
1
1
0
6
7
0
1
0
----------
1
1
0
7
3
0
1
0
----------
1
1
0
6
5
0
1
0
----------
1
1
0
8
4
0
1
0
----------
1
1
23
8
5
8
1
2
----------
1
1
23
8
6
8
1
2
----------
1
1
23
8
7
8
1
2
----------
1
1
0
10
6
0
1
0
----------
1
1
0
11
5
0
1
0
----------
1
1
0
11
7
0
1
0
----------
1
1
0
9
4
0
1
0
----------
1
1
0
9
3
0
1
0
----------
1
1
0
8
3
0
1
0
----------
1
1
0
6
6
0
1
0
----------
1
1
23
11
4
8
1
2
----------
1
1
23
11
3
8
1
2
----------
1
1
0
11
6
0
1
0
----------
1
1
0
14
4
0
1
0
----------
1
1
0
14
3
0
1
0
----------
1
1
0
14
2
0
1
0
----------
1
1
0
12
5
0
1
0
----------
1
1
0
12
6
0
1
0
----------
1
1
0
12
7
0
1
0
----------
1
1
0
15
2
0
1
0
----------
1
1
0
16
2
0
1
0
----------
1
1
23
14
5
8
1
2
----------
1
1
23
14
6
8
1
2
----------
1
1
23
14
7
8
1
2
----------
1
1
0
16
4
0
1
0
----------
1
1
0
16
5
0
1
0
----------
1
1
0
16
7
0
1
0
----------
1
1
0
17
7
0
1
0
----------
1
1
0
17
6
0
1
0
----------
1
1
23
18
3
8
1
2
----------
1
1
23
18
4
8
1
2
----------
1
1
23
18
5
8
1
2
----------
1
1
0
17
2
0
1
0
----------
1
1
0
18
2
0
1
0
----------
1
1
0
19
2
0
1
0
----------
1
1
0
20
5
0
1
0
----------
1
1
0
18
7
0
1
0
----------
1
1
0
21
5
0
1
0
----------
1
1
0
23
4
0
1
0
----------
1
1
0
22
2
0
1
0
----------
1
1
0
20
2
0
1
0
----------
1
1
0
21
2
0
1
0
----------
1
1
0
19
7
0
1
0
----------
1
1
0
20
7
0
1
0
----------
1
1
0
21
7
0
1
0
----------
1
1
0
22
7
0
1
0
----------
1
1
0
23
7
0
1
0
----------
1
1
0
23
6
0
1
0
----------
1
1
0
23
5
0
1
0
----------
1
1
0
20
4
0
1
0
----------
1
1
0
23
2
0
1
0
----------
1
1
0
24
2
0
1
0
----------
1
1
0
25
2
0
1
0
----------
1
1
0
25
3
0
1
0
----------
1
1
0
26
2
0
1
0
----------
1
1
0
27
2
0
1
0
----------
1
1
23
25
4
8
1
2
----------
1
1
0
28
2
0
1
0
----------
1
1
23
25
5
8
1
2
----------
1
1
23
25
6
8
1
2
----------
1
1
23
25
7
8
1
2
----------
1
1
0
30
6
0
1
0
----------
1
1
0
27
5
0
1
0
----------
1
1
0
26
3
0
1
0
----------
1
1
0
30
2
0
1
0
----------
1
1
1
28
0
1
1
0
----------
1
1
0
28
1
0
1
0
----------
1
1
21
30
1
6
1
2
----------
1
1
10
30
0
3
1
2
----------
1
1
0
28
5
0
1
0
----------
1
1
0
30
5
0
1
0
----------
1
1
0
30
7
0
1
0
----------
1
1
0
27
3
0
1
0
----------
1
1
0
29
7
0
1
0
----------
1
1
0
28
7
0
1
0
----------
1
1
0
28
3
0
1
0
----------
1
1
0
26
1
0
1
0
----------
1
1
0
26
0
0
1
0
----------
1
0
26
27
0
11
1
0
----------
1
1
0
27
1
0
1
0
----------
1
1
0
25
1
0
1
0
----------
1
1
0
25
0
0
1
0
----------
1
1
0
24
0
0
1
0
----------
1
1
0
24
1
0
1
0
----------
1
1
0
23
1
0
1
0
----------
1
1
0
23
0
0
1
0
----------
1
1
0
22
0
0
1
0
----------
1
1
0
22
1
0
1
0
----------
1
1
0
21
1
0
1
0
----------
1
1
0
20
0
0
1
0
----------
1
1
0
21
0
0
1
0
----------
1
1
0
20
1
0
1
0
----------
1
1
0
19
1
0
1
0
----------
1
1
0
18
1
0
1
0
----------
1
1
0
18
0
0
1
0
----------
1
1
0
19
0
0
1
0
----------
1
1
0
17
0
0
1
0
----------
1
1
0
16
0
0
1
0
----------
1
1
0
16
1
0
1
0
----------
1
1
0
17
1
0
1
0
----------
1
1
0
15
1
0
1
0
----------
1
1
0
14
1
0
1
0
----------
1
1
0
15
0
0
1
0
----------
1
1
0
14
0
0
1
0
----------
1
1
0
13
1
0
1
0
----------
1
1
0
13
0
0
1
0
----------
1
1
0
12
1
0
1
0
----------
1
1
0
12
0
0
1
0
----------
1
1
0
11
1
0
1
0
----------
1
1
0
11
0
0
1
0
----------
1
1
0
10
1
0
1
0
----------
1
1
0
10
0
0
1
0
----------
1
1
0
9
1
0
1
0
----------
1
1
0
8
0
0
1
0
----------
1
1
0
9
0
0
1
0
----------
1
1
0
8
1
0
1
0
----------
1
1
0
7
0
0
1
0
----------
1
1
0
6
0
0
1
0
----------
1
1
0
7
1
0
1
0
----------
1
1
0
4
1
0
1
0
----------
1
1
0
4
0
0
1
0
----------
1
1
0
6
1
0
1
0
----------
1
1
0
5
0
0
1
0
----------
1
1
0
5
1
0
1
0
----------
1
1
0
2
1
0
1
0
----------
1
1
0
3
0
0
1
0
----------
1
1
0
3
1
0
1
0
----------
1
1
0
1
0
0
1
0
----------
1
1
0
2
0
0
1
0
----------
1
1
0
1
1
0
1
0
----------
1
1
0
0
1
0
1
0
----------
1
1
0
0
0
0
1
0
----------
