10
4
0
0
**********
1
0
29
0
1
14
1
2
----------
1
0
29
0
2
14
1
2
----------
1
0
29
0
3
14
1
2
----------
1
0
29
0
4
14
1
2
----------
1
0
29
1
2
14
1
2
----------
1
0
29
2
2
14
1
2
----------
1
0
29
1
4
14
1
2
----------
1
0
29
2
4
14
1
2
----------
1
0
29
3
4
14
1
2
----------
1
0
29
3
3
14
1
2
----------
1
0
29
4
4
14
1
2
----------
1
0
29
5
4
14
1
2
----------
1
0
29
5
3
14
1
2
----------
1
0
29
5
2
14
1
2
----------
1
0
29
5
1
14
1
2
----------
1
0
29
4
1
14
1
2
----------
1
0
29
3
1
14
1
2
----------
1
0
29
3
0
14
1
2
----------
1
0
29
2
0
14
1
2
----------
1
0
29
6
1
14
1
2
----------
1
0
29
6
0
14
1
2
----------
1
0
29
7
1
14
1
2
----------
1
0
29
7
2
14
1
2
----------
1
0
29
7
3
14
1
2
----------
1
0
29
8
3
14
1
2
----------
1
0
29
9
3
14
1
2
----------
1
0
29
9
4
14
1
2
----------
1
0
29
10
4
14
1
2
----------
1
0
29
9
2
14
1
2
----------
1
0
29
9
1
14
1
2
----------
1
0
29
9
0
14
1
2
----------
1
0
29
8
0
14
1
2
----------
1
0
26
10
0
11
1
0
----------
1
0
28
10
1
13
1
2
----------
1
0
28
10
2
13
1
2
----------
1
0
28
10
3
13
1
2
----------
1
0
28
8
4
13
1
2
----------
1
0
28
8
2
13
1
2
----------
1
0
28
8
1
13
1
2
----------
1
0
28
7
0
13
1
2
----------
1
0
28
6
2
13
1
2
----------
1
0
28
6
3
13
1
2
----------
1
0
28
6
4
13
1
2
----------
1
0
28
7
4
13
1
2
----------
1
0
28
4
3
13
1
2
----------
1
0
28
4
2
13
1
2
----------
1
0
28
3
2
13
1
2
----------
1
0
28
4
0
13
1
2
----------
1
0
28
5
0
13
1
2
----------
1
0
28
2
1
13
1
2
----------
1
0
28
1
1
13
1
2
----------
1
0
28
1
0
13
1
2
----------
1
0
28
1
3
13
1
2
----------
1
0
28
2
3
13
1
2
----------
