7
4
0
2
**********
1
1
0
2
1
0
1
0
----------
1
1
0
3
1
0
1
0
----------
1
1
0
4
1
0
1
0
----------
1
1
0
5
1
0
1
0
----------
1
1
0
2
3
0
1
0
----------
1
1
0
3
3
0
1
0
----------
1
1
0
4
3
0
1
0
----------
1
1
0
5
3
0
1
0
----------
1
0
29
2
2
14
1
2
----------
1
0
29
3
2
14
1
2
----------
1
0
29
4
2
14
1
2
----------
1
0
29
5
2
14
1
2
----------
1
0
26
6
2
11
1
0
----------
1
0
26
6
0
11
1
0
----------
1
0
26
6
4
11
1
0
----------
1
0
29
5
4
14
1
2
----------
1
0
29
4
4
14
1
2
----------
1
0
29
3
4
14
1
2
----------
1
0
29
2
4
14
1
2
----------
1
0
29
2
0
14
1
2
----------
1
0
29
3
0
14
1
2
----------
1
0
29
4
0
14
1
2
----------
1
0
29
5
0
14
1
2
----------
1
1
0
6
3
0
1
0
----------
1
1
0
6
1
0
1
0
----------
1
1
0
1
1
0
1
0
----------
1
1
0
1
3
0
1
0
----------
1
0
29
1
4
14
1
2
----------
1
0
29
1
2
14
1
2
----------
1
0
29
1
0
14
1
2
----------
1
1
0
7
1
0
1
0
----------
1
1
0
7
2
0
1
0
----------
1
1
0
7
3
0
1
0
----------
