8
8
4
4
**********
1
0
28
5
3
13
1
2
----------
1
0
28
3
3
13
1
2
----------
1
0
28
3
5
13
1
2
----------
1
0
28
5
5
13
1
2
----------
1
0
28
5
6
13
1
2
----------
1
0
28
5
7
13
1
2
----------
1
0
28
3
6
13
1
2
----------
1
0
28
3
7
13
1
2
----------
1
0
28
3
2
13
1
2
----------
1
0
28
3
1
13
1
2
----------
1
0
28
5
1
13
1
2
----------
1
0
28
5
2
13
1
2
----------
1
0
28
7
4
13
1
2
----------
1
0
28
7
3
13
1
2
----------
1
0
28
7
5
13
1
2
----------
1
0
28
1
3
13
1
2
----------
1
0
28
1
4
13
1
2
----------
1
0
28
1
5
13
1
2
----------
1
0
28
2
1
13
1
2
----------
1
0
28
2
0
13
1
2
----------
1
0
28
1
0
13
1
2
----------
1
0
28
0
0
13
1
2
----------
1
0
28
0
1
13
1
2
----------
1
0
28
2
7
13
1
2
----------
1
0
28
2
8
13
1
2
----------
1
0
28
1
8
13
1
2
----------
1
0
28
0
8
13
1
2
----------
1
0
28
0
7
13
1
2
----------
1
0
28
6
7
13
1
2
----------
1
0
28
6
8
13
1
2
----------
1
0
28
7
8
13
1
2
----------
1
0
28
8
8
13
1
2
----------
1
0
28
8
7
13
1
2
----------
1
0
28
6
1
13
1
2
----------
1
0
28
6
0
13
1
2
----------
1
0
28
7
0
13
1
2
----------
1
0
28
8
0
13
1
2
----------
1
0
28
8
1
13
1
2
----------
1
1
1
8
4
1
1
0
----------
1
0
28
8
2
13
1
2
----------
1
0
28
0
6
13
1
2
----------
1
1
1
0
4
1
1
0
----------
1
0
26
0
5
11
1
0
----------
1
0
26
8
3
11
1
0
----------
1
1
1
4
0
1
1
0
----------
1
1
1
4
8
1
1
0
----------
1
0
26
5
0
11
1
0
----------
1
0
26
3
0
11
1
0
----------
1
0
26
5
8
11
1
0
----------
1
0
26
3
8
11
1
0
----------
1
0
2
1
1
5
1
2
----------
1
0
2
7
1
5
1
2
----------
1
0
2
7
7
5
1
2
----------
1
0
2
1
7
5
1
2
----------
