10
10
1
1
**********
1
1
25
1
0
10
1
2
----------
1
1
25
0
1
10
1
2
----------
1
1
0
0
0
0
1
0
----------
1
1
0
2
2
0
1
0
----------
1
1
0
0
4
0
1
0
----------
1
1
0
2
3
0
1
0
----------
1
1
0
3
2
0
1
0
----------
1
1
0
3
0
0
1
0
----------
1
1
0
4
0
0
1
0
----------
1
1
0
1
5
0
1
0
----------
1
1
0
2
5
0
1
0
----------
1
1
21
3
5
6
1
2
----------
1
1
0
4
5
0
1
0
----------
1
1
0
4
4
0
1
0
----------
1
1
0
5
4
0
1
0
----------
1
1
21
5
3
6
1
2
----------
1
1
0
5
2
0
1
0
----------
1
1
0
5
1
0
1
0
----------
1
1
0
0
3
0
1
0
----------
1
0
26
3
3
11
1
0
----------
1
1
25
6
2
10
1
2
----------
1
1
25
2
6
10
1
2
----------
1
1
10
3
6
3
1
2
----------
1
1
10
6
3
3
1
2
----------
1
0
26
5
5
11
1
0
----------
1
1
0
3
8
0
1
0
----------
1
1
0
2
8
0
1
0
----------
1
1
0
4
8
0
1
0
----------
1
1
0
5
8
0
1
0
----------
1
1
0
6
8
0
1
0
----------
1
1
0
6
7
0
1
0
----------
1
1
0
6
6
0
1
0
----------
1
1
0
7
6
0
1
0
----------
1
1
0
8
6
0
1
0
----------
1
1
0
8
5
0
1
0
----------
1
1
0
8
4
0
1
0
----------
1
1
0
8
3
0
1
0
----------
1
1
0
8
2
0
1
0
----------
1
1
0
8
1
0
1
0
----------
1
1
0
1
8
0
1
0
----------
1
0
26
0
6
11
1
0
----------
1
1
21
0
7
6
1
2
----------
1
1
21
7
0
6
1
2
----------
1
0
26
6
0
11
1
0
----------
1
1
10
0
8
3
1
2
----------
1
1
10
0
9
3
1
2
----------
1
1
10
1
9
3
1
2
----------
1
1
10
2
9
3
1
2
----------
1
1
10
3
9
3
1
2
----------
1
1
10
4
9
3
1
2
----------
1
1
10
5
9
3
1
2
----------
1
1
20
6
9
2
1
2
----------
1
1
20
7
9
2
1
2
----------
1
1
22
7
8
7
1
7
----------
1
1
10
7
7
3
1
2
----------
1
1
22
8
7
7
1
7
----------
1
1
20
9
7
2
1
2
----------
1
1
20
9
6
2
1
2
----------
1
1
10
9
5
3
1
2
----------
1
1
10
9
4
3
1
2
----------
1
1
10
9
3
3
1
2
----------
1
1
10
9
2
3
1
2
----------
1
1
10
9
1
3
1
2
----------
1
1
10
9
0
3
1
2
----------
1
1
10
8
0
3
1
2
----------
1
1
0
0
2
0
1
0
----------
1
1
0
2
0
0
1
0
----------
1
1
25
0
10
10
1
2
----------
1
1
0
1
10
0
1
0
----------
1
1
25
2
10
10
1
2
----------
1
1
0
3
10
0
1
0
----------
1
1
25
4
10
10
1
2
----------
1
1
0
5
10
0
1
0
----------
1
1
25
6
10
10
1
2
----------
1
1
0
7
10
0
1
0
----------
1
1
25
8
10
10
1
2
----------
1
1
0
9
10
0
1
0
----------
1
1
0
10
10
0
1
0
----------
1
1
0
10
9
0
1
0
----------
1
1
25
10
8
10
1
2
----------
1
1
0
10
7
0
1
0
----------
1
1
25
10
6
10
1
2
----------
1
1
0
10
5
0
1
0
----------
1
1
25
10
4
10
1
2
----------
1
1
0
10
3
0
1
0
----------
1
1
25
10
2
10
1
2
----------
1
1
0
10
1
0
1
0
----------
1
1
25
10
0
10
1
2
----------
1
0
26
9
9
11
1
0
----------
