12
5
0
0
**********
1
1
21
9
0
6
1
15
----------
1
1
0
8
1
0
1
0
----------
1
1
0
9
1
0
1
0
----------
1
1
0
7
1
0
1
0
----------
1
1
0
6
1
0
1
0
----------
1
1
0
4
1
0
1
0
----------
1
0
27
5
1
12
1
0
----------
1
1
0
3
1
0
1
0
----------
1
1
0
2
1
0
1
0
----------
1
1
0
1
1
0
1
0
----------
1
1
0
0
1
0
1
0
----------
1
1
1
10
0
1
1
0
----------
1
1
0
11
1
0
1
0
----------
1
0
2
12
0
5
1
2
----------
1
1
0
12
1
0
1
0
----------
1
0
26
11
0
11
1
0
----------
1
1
0
11
2
0
1
0
----------
1
1
0
11
3
0
1
0
----------
1
1
0
10
3
0
1
0
----------
1
1
0
9
3
0
1
0
----------
1
1
0
8
3
0
1
0
----------
1
1
0
7
3
0
1
0
----------
1
1
0
6
3
0
1
0
----------
1
1
0
5
3
0
1
0
----------
1
1
0
4
3
0
1
0
----------
1
1
0
3
3
0
1
0
----------
1
1
20
4
2
2
1
1
----------
1
0
2
10
1
5
1
2
----------
1
1
0
2
3
0
1
0
----------
1
1
0
1
3
0
1
0
----------
1
1
0
0
5
0
1
0
----------
1
1
0
1
5
0
1
0
----------
1
1
0
2
5
0
1
0
----------
1
1
0
3
5
0
1
0
----------
1
1
2
5
4
2
1
2
----------
1
1
0
4
5
0
1
0
----------
1
1
0
5
5
0
1
0
----------
1
1
0
6
5
0
1
0
----------
1
1
0
7
5
0
1
0
----------
1
1
1
6
4
1
1
0
----------
1
1
0
8
5
0
1
0
----------
1
1
0
9
5
0
1
0
----------
1
1
0
10
5
0
1
0
----------
1
1
0
11
5
0
1
0
----------
1
1
0
12
5
0
1
0
----------
1
1
0
12
4
0
1
0
----------
1
1
0
12
3
0
1
0
----------
1
1
0
12
2
0
1
0
----------
1
0
26
11
4
11
1
0
----------
