7
4
0
0
**********
1
0
30
3
2
15
1
2
----------
1
0
26
3
4
11
1
0
----------
1
0
30
2
3
15
1
2
----------
1
1
21
1
3
6
1
2
----------
1
1
10
3
3
3
1
2
----------
1
0
26
5
0
11
1
0
----------
1
1
0
6
0
0
1
0
----------
1
1
0
7
0
0
1
0
----------
1
1
0
6
1
0
1
0
----------
1
1
0
7
1
0
1
0
----------
1
1
0
6
2
0
1
0
----------
1
1
0
7
2
0
1
0
----------
1
1
0
6
3
0
1
0
----------
1
1
0
7
3
0
1
0
----------
1
1
11
4
3
4
1
2
----------
1
1
0
7
4
0
1
0
----------
1
1
0
6
4
0
1
0
----------
1
1
0
6
5
0
1
0
----------
1
1
0
7
5
0
1
0
----------
1
1
0
5
5
0
1
0
----------
1
1
0
4
5
0
1
0
----------
1
1
0
3
5
0
1
0
----------
1
1
0
2
5
0
1
0
----------
1
1
0
0
5
0
1
0
----------
1
1
0
1
5
0
1
0
----------
1
1
23
1
2
8
1
2
----------
1
0
26
0
4
11
1
0
----------
