9
7
9
7
**********
1
1
0
7
6
0
1
0
----------
1
1
0
7
7
0
1
0
----------
1
0
30
8
5
15
1
2
----------
1
1
22
7
5
7
1
7
----------
1
1
0
9
3
0
1
0
----------
1
1
0
8
3
0
1
0
----------
1
1
21
9
4
6
1
2
----------
1
1
20
8
4
2
1
2
----------
1
1
21
7
4
6
1
2
----------
1
1
0
7
3
0
1
0
----------
1
0
26
6
5
11
1
0
----------
1
1
0
6
6
0
1
0
----------
1
1
0
5
6
0
1
0
----------
1
1
0
5
5
0
1
0
----------
1
1
0
5
4
0
1
0
----------
1
1
0
5
3
0
1
0
----------
1
0
29
6
2
14
1
2
----------
1
1
1
7
2
1
1
0
----------
1
1
0
5
1
0
1
0
----------
1
1
1
5
2
1
1
0
----------
1
1
0
7
1
0
1
0
----------
1
1
10
6
0
3
1
2
----------
1
1
21
7
0
6
1
2
----------
1
1
21
5
0
6
1
2
----------
1
0
26
4
0
11
1
0
----------
1
0
30
8
2
15
1
2
----------
1
0
30
8
1
15
1
2
----------
1
0
30
8
0
15
1
2
----------
1
0
26
9
0
11
1
0
----------
1
0
30
9
1
15
1
2
----------
1
0
30
9
2
15
1
2
----------
1
0
29
4
2
14
1
2
----------
1
0
29
3
2
14
1
2
----------
1
0
29
2
2
14
1
2
----------
1
1
0
4
3
0
1
0
----------
1
1
0
3
3
0
1
0
----------
1
1
0
2
3
0
1
0
----------
1
1
0
1
3
0
1
0
----------
1
1
0
1
2
0
1
0
----------
1
1
0
3
1
0
1
0
----------
1
1
0
4
1
0
1
0
----------
1
1
0
1
1
0
1
0
----------
1
1
0
1
0
0
1
0
----------
1
1
0
4
4
0
1
0
----------
1
1
0
2
4
0
1
0
----------
1
1
0
3
4
0
1
0
----------
1
1
0
1
4
0
1
0
----------
1
1
0
1
5
0
1
0
----------
1
1
0
3
5
0
1
0
----------
1
1
0
2
5
0
1
0
----------
1
1
0
4
5
0
1
0
----------
1
1
0
4
6
0
1
0
----------
1
1
0
3
6
0
1
0
----------
1
1
0
2
6
0
1
0
----------
1
1
0
1
6
0
1
0
----------
1
1
0
0
7
0
1
0
----------
1
1
0
1
7
0
1
0
----------
1
1
0
2
7
0
1
0
----------
1
1
0
3
7
0
1
0
----------
1
1
0
4
7
0
1
0
----------
1
1
0
5
7
0
1
0
----------
1
1
0
6
7
0
1
0
----------
1
1
0
0
5
0
1
0
----------
1
1
0
0
6
0
1
0
----------
1
1
0
0
4
0
1
0
----------
1
1
0
0
2
0
1
0
----------
1
1
0
0
1
0
1
0
----------
1
1
0
0
0
0
1
0
----------
1
1
0
0
3
0
1
0
----------
