14
16
7
7
**********
1
1
23
7
6
8
1
2
----------
1
1
23
8
7
8
1
2
----------
1
1
23
6
7
8
1
2
----------
1
1
23
7
8
8
1
2
----------
1
1
0
5
8
0
1
0
----------
1
1
0
5
6
0
1
0
----------
1
1
0
6
5
0
1
0
----------
1
1
0
8
5
0
1
0
----------
1
1
0
9
6
0
1
0
----------
1
1
0
9
8
0
1
0
----------
1
1
0
8
9
0
1
0
----------
1
1
0
6
9
0
1
0
----------
1
1
0
7
11
0
1
0
----------
1
1
0
6
11
0
1
0
----------
1
1
0
5
11
0
1
0
----------
1
1
0
3
11
0
1
0
----------
1
1
0
4
11
0
1
0
----------
1
1
0
1
10
0
1
0
----------
1
1
0
3
9
0
1
0
----------
1
1
0
1
11
0
1
0
----------
1
1
0
13
11
0
1
0
----------
1
1
0
13
12
0
1
0
----------
1
1
0
13
13
0
1
0
----------
1
1
0
8
11
0
1
0
----------
1
1
0
9
11
0
1
0
----------
1
1
0
11
9
0
1
0
----------
1
1
0
11
11
0
1
0
----------
1
1
0
10
11
0
1
0
----------
1
1
0
12
13
0
1
0
----------
1
1
0
11
13
0
1
0
----------
1
1
0
9
13
0
1
0
----------
1
1
0
13
10
0
1
0
----------
1
1
0
13
9
0
1
0
----------
1
1
0
13
8
0
1
0
----------
1
1
1
13
7
1
1
0
----------
1
1
0
13
6
0
1
0
----------
1
1
0
6
3
0
1
0
----------
1
1
0
1
8
0
1
0
----------
1
1
0
1
9
0
1
0
----------
1
1
1
7
3
1
1
0
----------
1
1
0
8
3
0
1
0
----------
1
1
0
1
7
0
1
0
----------
1
1
0
1
6
0
1
0
----------
1
1
0
1
5
0
1
0
----------
1
1
0
1
4
0
1
0
----------
1
1
0
1
3
0
1
0
----------
1
1
0
4
4
0
1
0
----------
1
1
0
5
2
0
1
0
----------
1
1
0
9
2
0
1
0
----------
1
1
0
10
4
0
1
0
----------
1
1
0
3
10
0
1
0
----------
1
1
0
11
10
0
1
0
----------
1
1
20
2
6
2
1
2
----------
1
0
2
8
8
5
1
2
----------
1
1
0
8
13
0
1
0
----------
1
1
0
7
13
0
1
0
----------
1
1
0
5
13
0
1
0
----------
1
1
0
4
13
0
1
0
----------
1
1
0
13
5
0
1
0
----------
1
1
0
13
4
0
1
0
----------
1
1
0
13
3
0
1
0
----------
1
1
0
2
3
0
1
0
----------
1
1
0
7
0
0
1
0
----------
1
1
0
12
3
0
1
0
----------
1
1
0
3
13
0
1
0
----------
1
1
0
1
13
0
1
0
----------
1
0
28
2
12
13
1
2
----------
1
1
0
2
13
0
1
0
----------
1
1
0
6
13
0
1
0
----------
1
0
28
4
12
13
1
2
----------
1
0
28
6
12
13
1
2
----------
1
1
0
1
1
0
1
0
----------
1
1
0
13
1
0
1
0
----------
1
0
28
8
12
13
1
2
----------
1
1
10
3
12
3
1
2
----------
1
1
10
5
12
3
1
2
----------
1
1
10
7
12
3
1
2
----------
1
1
10
9
12
3
1
2
----------
1
1
0
13
14
0
1
0
----------
1
1
0
12
14
0
1
0
----------
1
1
25
13
15
10
1
2
----------
1
1
25
11
16
10
1
2
----------
1
1
0
11
14
0
1
0
----------
1
1
0
10
15
0
1
0
----------
1
1
0
10
16
0
1
0
----------
1
1
0
11
15
0
1
0
----------
1
0
2
12
16
5
1
2
----------
1
0
2
14
16
5
1
2
----------
1
1
0
12
15
0
1
0
----------
1
1
0
0
16
0
1
0
----------
1
1
0
1
16
0
1
0
----------
1
1
0
2
16
0
1
0
----------
1
1
0
2
15
0
1
0
----------
1
1
0
2
14
0
1
0
----------
1
1
0
3
16
0
1
0
----------
1
1
0
3
15
0
1
0
----------
1
1
0
3
14
0
1
0
----------
1
1
0
4
14
0
1
0
----------
1
1
0
6
14
0
1
0
----------
1
1
0
7
14
0
1
0
----------
1
1
0
8
14
0
1
0
----------
1
1
0
8
15
0
1
0
----------
1
1
0
7
15
0
1
0
----------
1
1
0
6
15
0
1
0
----------
1
1
0
5
15
0
1
0
----------
1
1
0
5
14
0
1
0
----------
1
1
0
4
15
0
1
0
----------
1
0
26
4
16
11
1
0
----------
1
0
26
5
16
11
1
0
----------
1
0
26
6
16
11
1
0
----------
1
0
26
7
16
11
1
0
----------
1
0
26
8
16
11
1
0
----------
1
0
26
9
16
11
1
0
----------
1
0
26
5
9
11
1
0
----------
1
0
26
5
5
11
1
0
----------
1
0
26
9
5
11
1
0
----------
1
0
26
9
9
11
1
0
----------
