8
4
1
1
**********
1
0
27
4
3
12
1
0
----------
1
1
0
4
2
0
1
0
----------
1
1
0
4
1
0
1
0
----------
1
1
0
4
0
0
1
0
----------
1
1
0
3
4
0
1
0
----------
1
1
0
4
4
0
1
0
----------
1
1
0
2
4
0
1
0
----------
1
1
0
1
4
0
1
0
----------
1
1
0
0
4
0
1
0
----------
1
0
2
2
1
5
1
2
----------
1
1
0
5
4
0
1
0
----------
1
1
0
6
4
0
1
0
----------
1
1
0
7
4
0
1
0
----------
1
1
0
8
4
0
1
0
----------
1
1
0
8
3
0
1
0
----------
1
1
0
8
2
0
1
0
----------
1
1
0
8
1
0
1
0
----------
1
1
0
8
0
0
1
0
----------
1
1
21
0
2
6
1
2
----------
1
0
26
1
3
11
1
0
----------
1
1
20
0
3
2
1
2
----------
1
1
0
1
2
0
1
0
----------
1
1
1
2
3
1
1
0
----------
1
1
22
2
0
7
1
7
----------
1
1
10
3
0
3
1
2
----------
1
0
26
5
2
11
1
0
----------
1
0
26
6
2
11
1
0
----------
1
0
26
7
2
11
1
0
----------
1
0
26
7
1
11
1
0
----------
1
0
26
6
1
11
1
0
----------
1
0
26
5
1
11
1
0
----------
1
0
26
5
0
11
1
0
----------
1
0
26
6
0
11
1
0
----------
1
0
26
7
0
11
1
0
----------
1
0
26
7
3
11
1
0
----------
1
0
26
6
3
11
1
0
----------
1
0
26
5
3
11
1
0
----------
