12
16
7
2
**********
1
1
23
5
4
8
1
2
----------
1
1
0
5
5
0
1
0
----------
1
1
0
4
5
0
1
0
----------
1
1
0
6
5
0
1
0
----------
1
1
0
2
4
0
1
0
----------
1
1
0
2
5
0
1
0
----------
1
1
0
2
3
0
1
0
----------
1
1
0
2
8
0
1
0
----------
1
1
0
3
8
0
1
0
----------
1
1
0
4
8
0
1
0
----------
1
0
27
3
7
12
1
0
----------
1
1
0
8
8
0
1
0
----------
1
1
0
9
5
0
1
0
----------
1
1
10
10
5
3
1
2
----------
1
1
0
11
5
0
1
0
----------
1
1
0
9
8
0
1
0
----------
1
1
0
11
8
0
1
0
----------
1
1
10
10
8
3
1
2
----------
1
0
28
12
6
13
1
2
----------
1
1
0
8
5
0
1
0
----------
1
1
0
9
4
0
1
0
----------
1
1
0
8
4
0
1
0
----------
1
1
0
10
4
0
1
0
----------
1
1
0
11
4
0
1
0
----------
1
1
0
7
9
0
1
0
----------
1
1
20
9
9
2
1
2
----------
1
1
0
10
9
0
1
0
----------
1
1
0
11
9
0
1
0
----------
1
1
10
3
9
3
1
2
----------
1
1
0
6
9
0
1
0
----------
1
1
10
8
9
3
1
2
----------
1
1
0
5
8
0
1
0
----------
1
1
0
6
8
0
1
0
----------
1
1
0
7
8
0
1
0
----------
1
0
26
5
9
11
1
0
----------
1
1
0
4
9
0
1
0
----------
1
1
0
1
9
0
1
0
----------
1
1
0
2
9
0
1
0
----------
1
1
0
1
8
0
1
0
----------
1
1
0
3
1
0
1
0
----------
1
1
0
0
2
0
1
0
----------
1
1
0
0
8
0
1
0
----------
1
1
0
0
5
0
1
0
----------
1
1
0
0
4
0
1
0
----------
1
1
0
0
3
0
1
0
----------
1
0
27
7
6
12
1
0
----------
1
0
26
7
5
11
1
0
----------
1
1
0
0
1
0
1
0
----------
1
1
0
0
0
0
1
0
----------
1
1
0
2
0
0
1
0
----------
1
1
0
1
0
0
1
0
----------
1
1
0
3
0
0
1
0
----------
1
1
0
4
1
0
1
0
----------
1
1
0
5
1
0
1
0
----------
1
1
0
6
1
0
1
0
----------
1
1
0
8
3
0
1
0
----------
1
1
0
10
2
0
1
0
----------
1
1
0
10
0
0
1
0
----------
1
1
0
11
0
0
1
0
----------
1
1
0
9
0
0
1
0
----------
1
1
0
8
0
0
1
0
----------
1
1
0
7
0
0
1
0
----------
1
1
0
5
0
0
1
0
----------
1
1
0
4
0
0
1
0
----------
1
1
0
6
0
0
1
0
----------
1
1
0
0
9
0
1
0
----------
1
1
25
11
10
10
1
2
----------
1
0
27
10
10
12
1
0
----------
1
1
0
11
11
0
1
0
----------
1
1
0
10
11
0
1
0
----------
1
1
0
2
11
0
1
0
----------
1
1
0
8
11
0
1
0
----------
1
1
0
7
11
0
1
0
----------
1
1
0
6
11
0
1
0
----------
1
1
23
2
10
8
1
2
----------
1
1
0
5
11
0
1
0
----------
1
1
0
4
11
0
1
0
----------
1
1
0
3
11
0
1
0
----------
1
1
0
0
13
0
1
0
----------
1
1
0
0
10
0
1
0
----------
1
1
0
0
11
0
1
0
----------
1
1
0
0
12
0
1
0
----------
1
1
0
2
13
0
1
0
----------
1
1
0
1
13
0
1
0
----------
1
1
0
3
13
0
1
0
----------
1
1
0
4
13
0
1
0
----------
1
1
0
5
13
0
1
0
----------
1
1
0
7
13
0
1
0
----------
1
1
0
8
13
0
1
0
----------
1
1
22
9
16
7
1
7
----------
1
1
0
6
13
0
1
0
----------
1
1
0
11
13
0
1
0
----------
1
1
0
10
13
0
1
0
----------
1
1
0
12
13
0
1
0
----------
1
0
26
9
11
11
1
0
----------
1
1
0
7
16
0
1
0
----------
1
1
0
8
15
0
1
0
----------
1
1
0
7
14
0
1
0
----------
1
1
0
7
15
0
1
0
----------
1
1
0
5
14
0
1
0
----------
1
1
0
4
15
0
1
0
----------
1
1
0
3
15
0
1
0
----------
1
1
0
0
14
0
1
0
----------
1
1
0
1
15
0
1
0
----------
1
1
0
1
14
0
1
0
----------
1
1
0
0
15
0
1
0
----------
1
1
0
2
15
0
1
0
----------
1
1
0
2
14
0
1
0
----------
1
1
0
4
14
0
1
0
----------
1
1
0
3
14
0
1
0
----------
1
1
0
5
15
0
1
0
----------
1
1
0
6
14
0
1
0
----------
1
1
0
6
15
0
1
0
----------
1
1
0
8
16
0
1
0
----------
1
1
0
11
16
0
1
0
----------
1
1
0
11
14
0
1
0
----------
1
1
0
11
15
0
1
0
----------
1
1
0
10
14
0
1
0
----------
1
1
21
10
16
6
1
2
----------
1
1
0
12
14
0
1
0
----------
1
1
0
12
15
0
1
0
----------
1
1
0
12
16
0
1
0
----------
1
1
0
6
16
0
1
0
----------
1
1
0
5
16
0
1
0
----------
1
1
0
4
16
0
1
0
----------
1
1
0
3
16
0
1
0
----------
1
1
0
2
16
0
1
0
----------
1
1
0
1
16
0
1
0
----------
1
1
0
0
16
0
1
0
----------
