10
8
7
2
**********
1
1
0
5
1
0
1
0
----------
1
0
27
5
3
12
1
0
----------
1
1
0
4
2
0
1
0
----------
1
1
0
6
1
0
1
0
----------
1
1
0
6
0
0
1
0
----------
1
1
1
7
1
1
1
0
----------
1
1
25
8
3
10
1
2
----------
1
1
0
9
3
0
1
0
----------
1
1
0
8
4
0
1
0
----------
1
1
0
7
5
0
1
0
----------
1
1
0
6
6
0
1
0
----------
1
1
0
5
7
0
1
0
----------
1
1
0
4
8
0
1
0
----------
1
1
0
3
3
0
1
0
----------
1
1
0
2
4
0
1
0
----------
1
1
0
1
5
0
1
0
----------
1
1
0
0
6
0
1
0
----------
1
0
27
7
3
12
1
0
----------
1
0
27
6
4
12
1
0
----------
1
0
27
5
5
12
1
0
----------
1
0
27
4
4
12
1
0
----------
1
0
27
3
5
12
1
0
----------
1
0
27
4
6
12
1
0
----------
1
0
27
3
7
12
1
0
----------
1
0
27
2
6
12
1
0
----------
1
0
27
2
8
12
1
0
----------
1
0
27
1
7
12
1
0
----------
1
1
25
5
2
10
1
2
----------
1
1
21
4
3
6
1
2
----------
1
0
26
6
3
11
1
0
----------
1
0
26
5
4
11
1
0
----------
1
0
26
4
5
11
1
0
----------
1
0
26
3
6
11
1
0
----------
1
0
26
2
7
11
1
0
----------
1
1
25
6
5
10
1
2
----------
1
1
25
4
7
10
1
2
----------
1
1
21
5
6
6
1
2
----------
1
1
21
7
4
6
1
2
----------
1
1
21
2
5
6
1
2
----------
1
1
25
3
4
10
1
2
----------
1
1
25
1
6
10
1
2
----------
1
1
21
3
8
6
1
2
----------
1
1
0
9
2
0
1
0
----------
1
1
0
8
1
0
1
0
----------
1
1
0
9
1
0
1
0
----------
1
1
0
10
1
0
1
0
----------
1
1
0
10
2
0
1
0
----------
1
1
0
10
0
0
1
0
----------
1
1
0
10
3
0
1
0
----------
1
0
26
9
0
11
1
0
----------
1
1
0
3
9
0
1
0
----------
1
1
0
2
9
0
1
0
----------
1
1
0
1
9
0
1
0
----------
1
1
0
0
9
0
1
0
----------
1
1
0
0
5
0
1
0
----------
1
1
0
0
4
0
1
0
----------
1
1
0
0
2
0
1
0
----------
1
1
0
0
3
0
1
0
----------
1
1
0
1
2
0
1
0
----------
1
1
0
0
1
0
1
0
----------
1
1
0
1
1
0
1
0
----------
1
1
0
0
0
0
1
0
----------
1
1
0
1
0
0
1
0
----------
1
1
0
2
0
0
1
0
----------
1
1
0
4
0
0
1
0
----------
1
1
0
5
0
0
1
0
----------
1
1
0
3
0
0
1
0
----------
1
1
0
4
1
0
1
0
----------
1
1
0
3
1
0
1
0
----------
1
1
0
2
1
0
1
0
----------
1
1
0
2
2
0
1
0
----------
1
1
0
2
3
0
1
0
----------
1
1
0
1
3
0
1
0
----------
1
1
0
1
4
0
1
0
----------
1
1
0
3
2
0
1
0
----------
1
0
26
0
7
11
1
0
----------
1
0
26
1
8
11
1
0
----------
1
0
2
0
8
5
1
2
----------
1
1
0
4
9
0
1
0
----------
1
1
0
5
9
0
1
0
----------
1
1
0
5
8
0
1
0
----------
1
1
0
6
8
0
1
0
----------
1
1
0
10
4
0
1
0
----------
1
1
0
10
5
0
1
0
----------
1
1
0
10
6
0
1
0
----------
1
1
0
10
7
0
1
0
----------
1
1
0
10
8
0
1
0
----------
1
1
0
10
9
0
1
0
----------
1
1
0
9
9
0
1
0
----------
1
1
0
8
9
0
1
0
----------
1
1
0
7
9
0
1
0
----------
1
1
0
6
9
0
1
0
----------
1
1
0
7
8
0
1
0
----------
1
1
0
8
8
0
1
0
----------
1
1
0
9
8
0
1
0
----------
1
1
0
9
7
0
1
0
----------
1
1
0
8
7
0
1
0
----------
1
1
0
7
7
0
1
0
----------
1
1
0
6
7
0
1
0
----------
1
1
0
8
6
0
1
0
----------
1
1
0
7
6
0
1
0
----------
1
1
0
9
5
0
1
0
----------
1
1
0
9
4
0
1
0
----------
1
1
0
8
5
0
1
0
----------
1
1
0
9
6
0
1
0
----------
