23
8
6
2
**********
1
0
27
5
2
12
1
0
----------
1
0
27
8
2
12
1
0
----------
1
1
0
8
1
0
1
0
----------
1
1
0
8
3
0
1
0
----------
1
1
0
12
1
0
1
0
----------
1
1
0
9
5
0
1
0
----------
1
1
0
11
4
0
1
0
----------
1
1
0
11
5
0
1
0
----------
1
0
27
9
2
12
1
0
----------
1
1
0
9
6
0
1
0
----------
1
1
0
11
6
0
1
0
----------
1
1
0
9
4
0
1
0
----------
1
1
0
9
3
0
1
0
----------
1
1
0
7
3
0
1
0
----------
1
1
0
11
3
0
1
0
----------
1
1
0
9
1
0
1
0
----------
1
1
0
7
1
0
1
0
----------
1
1
0
14
5
0
1
0
----------
1
1
0
5
1
0
1
0
----------
1
1
0
13
4
0
1
0
----------
1
1
0
5
3
0
1
0
----------
1
1
25
11
1
10
1
2
----------
1
1
0
4
3
0
1
0
----------
1
1
0
3
3
0
1
0
----------
1
1
0
3
2
0
1
0
----------
1
1
0
3
1
0
1
0
----------
1
1
1
10
3
1
1
0
----------
1
1
0
5
0
0
1
0
----------
1
1
0
10
1
0
1
0
----------
1
1
0
2
1
0
1
0
----------
1
1
0
1
1
0
1
0
----------
1
0
26
3
0
11
1
0
----------
1
1
0
9
8
0
1
0
----------
1
1
0
10
8
0
1
0
----------
1
1
0
11
8
0
1
0
----------
1
1
0
11
7
0
1
0
----------
1
1
0
7
5
0
1
0
----------
1
0
27
8
5
12
1
0
----------
1
1
0
7
6
0
1
0
----------
1
1
0
7
7
0
1
0
----------
1
1
1
5
8
1
1
0
----------
1
0
27
4
6
12
1
0
----------
1
1
0
5
6
0
1
0
----------
1
1
0
5
5
0
1
0
----------
1
0
27
6
5
12
1
0
----------
1
1
10
7
8
3
1
2
----------
1
0
26
6
7
11
1
0
----------
1
0
26
6
6
11
1
0
----------
1
0
26
8
7
11
1
0
----------
1
1
0
13
7
0
1
0
----------
1
1
0
13
5
0
1
0
----------
1
0
26
7
2
11
1
0
----------
1
1
0
13
3
0
1
0
----------
1
1
0
18
3
0
1
0
----------
1
1
10
14
3
3
1
2
----------
1
1
0
13
1
0
1
0
----------
1
1
0
2
2
0
1
0
----------
1
1
0
1
2
0
1
0
----------
1
1
0
1
3
0
1
0
----------
1
1
0
2
3
0
1
0
----------
1
1
0
4
7
0
1
0
----------
1
1
0
3
7
0
1
0
----------
1
1
0
2
7
0
1
0
----------
1
1
0
1
7
0
1
0
----------
1
1
0
1
6
0
1
0
----------
1
1
0
1
5
0
1
0
----------
1
1
0
1
4
0
1
0
----------
1
0
27
4
5
12
1
0
----------
1
0
27
3
5
12
1
0
----------
1
0
27
2
5
12
1
0
----------
1
0
2
2
6
5
1
2
----------
1
0
26
3
6
11
1
0
----------
1
1
0
2
4
0
1
0
----------
1
1
0
12
8
0
1
0
----------
1
1
0
12
7
0
1
0
----------
1
1
0
14
7
0
1
0
----------
1
1
0
14
1
0
1
0
----------
1
1
0
15
4
0
1
0
----------
1
1
0
15
3
0
1
0
----------
1
1
0
15
1
0
1
0
----------
1
1
0
17
1
0
1
0
----------
1
1
0
16
3
0
1
0
----------
1
1
0
17
3
0
1
0
----------
1
1
0
14
4
0
1
0
----------
1
1
23
15
2
8
1
2
----------
1
1
23
17
2
8
1
2
----------
1
1
0
19
3
0
1
0
----------
1
1
0
19
2
0
1
0
----------
1
1
0
19
1
0
1
0
----------
1
1
0
19
0
0
1
0
----------
1
1
0
15
5
0
1
0
----------
1
1
0
15
7
0
1
0
----------
1
1
0
14
8
0
1
0
----------
1
1
0
13
8
0
1
0
----------
1
1
0
15
8
0
1
0
----------
1
0
26
16
6
11
1
0
----------
1
1
21
17
7
6
1
2
----------
1
1
21
17
5
6
1
2
----------
1
1
11
18
5
4
1
2
----------
1
1
11
18
7
4
1
2
----------
1
1
10
17
8
3
1
2
----------
1
1
10
18
8
3
1
2
----------
1
1
10
19
8
3
1
2
----------
1
1
22
19
7
7
1
7
----------
1
1
22
19
5
7
1
7
----------
1
1
10
17
4
3
1
2
----------
1
1
10
19
4
3
1
2
----------
1
1
10
18
4
3
1
2
----------
1
1
0
16
4
0
1
0
----------
1
0
26
19
6
11
1
0
----------
1
0
26
0
7
11
1
0
----------
1
1
0
16
8
0
1
0
----------
1
0
26
0
8
11
1
0
----------
1
0
26
1
8
11
1
0
----------
1
0
26
0
6
11
1
0
----------
1
0
26
0
5
11
1
0
----------
1
0
26
0
4
11
1
0
----------
1
0
26
0
3
11
1
0
----------
1
0
26
0
2
11
1
0
----------
1
0
26
0
1
11
1
0
----------
1
0
26
0
0
11
1
0
----------
1
0
26
1
0
11
1
0
----------
1
0
26
2
0
11
1
0
----------
1
0
26
2
8
11
1
0
----------
1
0
26
3
8
11
1
0
----------
1
0
26
4
8
11
1
0
----------
1
1
10
20
7
3
1
2
----------
1
1
10
20
8
3
1
2
----------
1
1
10
21
7
3
1
2
----------
1
1
10
21
8
3
1
2
----------
1
1
0
22
7
0
1
0
----------
1
1
10
22
8
3
1
2
----------
1
1
10
20
5
3
1
2
----------
1
1
10
20
4
3
1
2
----------
1
1
10
21
4
3
1
2
----------
1
1
10
21
5
3
1
2
----------
1
1
0
22
5
0
1
0
----------
1
1
10
22
4
3
1
2
----------
1
1
0
20
3
0
1
0
----------
1
1
0
21
3
0
1
0
----------
1
1
0
22
3
0
1
0
----------
1
1
0
23
3
0
1
0
----------
1
1
0
23
7
0
1
0
----------
1
1
0
23
8
0
1
0
----------
1
1
0
23
5
0
1
0
----------
1
1
0
23
4
0
1
0
----------
1
0
26
23
6
11
1
0
----------
1
0
27
21
6
12
1
0
----------
1
1
0
20
2
0
1
0
----------
1
1
0
20
1
0
1
0
----------
1
1
0
20
0
0
1
0
----------
1
1
0
21
0
0
1
0
----------
1
1
0
21
1
0
1
0
----------
1
1
0
21
2
0
1
0
----------
1
1
0
22
1
0
1
0
----------
1
1
0
22
0
0
1
0
----------
1
1
0
23
0
0
1
0
----------
1
1
0
23
1
0
1
0
----------
1
1
0
23
2
0
1
0
----------
1
1
0
22
2
0
1
0
----------
1
0
26
4
0
11
1
0
----------
1
0
26
4
1
11
1
0
----------
1
0
26
4
2
11
1
0
----------
