10
11
6
2
**********
1
1
1
4
3
1
1
0
----------
1
1
23
3
6
8
1
2
----------
1
1
0
4
5
0
1
0
----------
1
1
23
5
4
8
1
2
----------
1
1
23
3
3
8
1
2
----------
1
1
23
2
4
8
1
2
----------
1
1
0
4
1
0
1
0
----------
1
1
23
2
3
8
1
2
----------
1
1
0
1
1
0
1
0
----------
1
1
0
1
2
0
1
0
----------
1
1
0
1
3
0
1
0
----------
1
1
23
4
4
8
1
2
----------
1
1
0
1
5
0
1
0
----------
1
1
0
1
6
0
1
0
----------
1
1
0
1
7
0
1
0
----------
1
0
26
4
6
11
1
0
----------
1
0
29
2
2
14
1
2
----------
1
1
0
4
7
0
1
0
----------
1
1
0
5
7
0
1
0
----------
1
1
0
6
7
0
1
0
----------
1
1
0
7
7
0
1
0
----------
1
1
0
8
7
0
1
0
----------
1
1
0
8
6
0
1
0
----------
1
1
0
8
5
0
1
0
----------
1
1
0
8
3
0
1
0
----------
1
1
0
8
2
0
1
0
----------
1
1
0
8
1
0
1
0
----------
1
1
10
8
0
3
1
2
----------
1
1
10
6
0
3
1
2
----------
1
1
10
4
0
3
1
2
----------
1
1
10
2
0
3
1
2
----------
1
1
10
1
0
3
1
2
----------
1
1
10
3
0
3
1
2
----------
1
1
10
5
0
3
1
2
----------
1
1
10
7
0
3
1
2
----------
1
0
27
8
4
12
1
0
----------
1
1
20
8
4
2
1
2
----------
1
1
10
9
4
3
1
2
----------
1
1
10
9
3
3
1
2
----------
1
1
10
9
2
3
1
2
----------
1
1
10
9
1
3
1
2
----------
1
1
10
9
0
3
1
2
----------
1
1
0
2
1
0
1
0
----------
1
1
0
3
1
0
1
0
----------
1
1
0
6
1
0
1
0
----------
1
1
0
7
1
0
1
0
----------
1
1
0
5
1
0
1
0
----------
1
1
10
0
0
3
1
2
----------
1
1
10
0
1
3
1
2
----------
1
1
10
0
2
3
1
2
----------
1
1
10
0
3
3
1
2
----------
1
1
10
0
4
3
1
2
----------
1
1
10
0
5
3
1
2
----------
1
1
10
0
6
3
1
2
----------
1
1
10
0
8
3
1
2
----------
1
1
10
0
7
3
1
2
----------
1
1
0
8
8
0
1
0
----------
1
1
0
7
8
0
1
0
----------
1
1
0
6
8
0
1
0
----------
1
1
0
5
8
0
1
0
----------
1
1
0
3
8
0
1
0
----------
1
1
0
2
8
0
1
0
----------
1
1
0
1
8
0
1
0
----------
1
1
0
4
8
0
1
0
----------
1
1
22
9
9
7
1
7
----------
1
0
2
9
7
5
1
2
----------
1
0
26
9
6
11
1
0
----------
1
1
0
10
0
0
1
0
----------
1
1
0
10
1
0
1
0
----------
1
1
0
10
2
0
1
0
----------
1
1
0
10
4
0
1
0
----------
1
1
0
10
5
0
1
0
----------
1
1
0
10
8
0
1
0
----------
1
1
0
10
9
0
1
0
----------
1
1
10
0
9
3
1
2
----------
1
1
10
1
9
3
1
2
----------
1
1
10
2
9
3
1
2
----------
1
1
10
3
9
3
1
2
----------
1
1
10
4
9
3
1
2
----------
1
1
10
5
9
3
1
2
----------
1
1
10
6
9
3
1
2
----------
1
1
10
7
9
3
1
2
----------
1
1
0
10
10
0
1
0
----------
1
1
10
8
9
3
1
2
----------
1
1
0
10
7
0
1
0
----------
1
1
0
10
6
0
1
0
----------
1
1
0
10
3
0
1
0
----------
1
1
10
7
3
3
1
2
----------
1
0
2
6
5
5
1
2
----------
1
1
23
5
3
8
1
2
----------
1
0
29
4
2
14
1
2
----------
1
1
0
10
11
0
1
0
----------
1
1
0
8
10
0
1
0
----------
1
1
0
8
11
0
1
0
----------
1
1
0
6
10
0
1
0
----------
1
1
0
7
11
0
1
0
----------
1
1
0
7
10
0
1
0
----------
1
1
0
6
11
0
1
0
----------
1
1
20
9
10
2
1
2
----------
1
1
22
9
11
7
1
7
----------
1
1
0
5
10
0
1
0
----------
1
1
0
4
10
0
1
0
----------
1
1
0
3
10
0
1
0
----------
1
1
0
1
10
0
1
0
----------
1
1
0
0
10
0
1
0
----------
1
1
0
2
10
0
1
0
----------
1
1
0
0
11
0
1
0
----------
1
1
0
2
11
0
1
0
----------
1
1
0
3
11
0
1
0
----------
1
1
0
4
11
0
1
0
----------
1
1
0
5
11
0
1
0
----------
1
1
0
1
11
0
1
0
----------
