17
14
8
8
**********
1
1
0
8
10
0
1
0
----------
1
1
1
9
9
1
1
0
----------
1
0
27
9
7
12
1
0
----------
1
1
0
10
10
0
1
0
----------
1
1
0
8
7
0
1
0
----------
1
1
0
10
7
0
1
0
----------
1
1
10
9
7
3
1
2
----------
1
1
20
7
8
2
1
2
----------
1
1
23
11
8
8
1
2
----------
1
0
27
9
5
12
1
0
----------
1
0
27
6
14
12
1
0
----------
1
1
0
10
5
0
1
0
----------
1
1
0
8
5
0
1
0
----------
1
1
1
9
6
1
1
0
----------
1
1
0
8
11
0
1
0
----------
1
1
0
9
11
0
1
0
----------
1
1
0
10
11
0
1
0
----------
1
0
26
9
10
11
1
0
----------
1
1
0
8
3
0
1
0
----------
1
1
0
10
3
0
1
0
----------
1
1
22
9
3
7
1
7
----------
1
1
0
7
5
0
1
0
----------
1
1
0
6
6
0
1
0
----------
1
1
0
5
7
0
1
0
----------
1
1
0
5
8
0
1
0
----------
1
1
0
5
10
0
1
0
----------
1
1
0
5
9
0
1
0
----------
1
1
0
6
10
0
1
0
----------
1
1
0
11
5
0
1
0
----------
1
1
0
12
6
0
1
0
----------
1
1
0
13
7
0
1
0
----------
1
1
0
13
8
0
1
0
----------
1
1
0
13
9
0
1
0
----------
1
1
0
13
10
0
1
0
----------
1
1
0
12
10
0
1
0
----------
1
1
0
5
12
0
1
0
----------
1
1
0
6
13
0
1
0
----------
1
1
0
8
14
0
1
0
----------
1
1
0
9
12
0
1
0
----------
1
1
0
15
13
0
1
0
----------
1
1
0
12
13
0
1
0
----------
1
1
0
13
12
0
1
0
----------
1
1
0
9
14
0
1
0
----------
1
0
27
5
11
12
1
0
----------
1
0
27
13
11
12
1
0
----------
1
1
22
14
5
7
1
7
----------
1
1
0
11
3
0
1
0
----------
1
1
0
7
3
0
1
0
----------
1
1
0
12
2
0
1
0
----------
1
1
0
14
1
0
1
0
----------
1
1
0
13
1
0
1
0
----------
1
1
0
6
2
0
1
0
----------
1
1
0
5
1
0
1
0
----------
1
1
0
4
1
0
1
0
----------
1
1
20
14
4
2
1
2
----------
1
1
21
14
3
6
1
2
----------
1
0
26
13
3
11
1
0
----------
1
0
26
13
4
11
1
0
----------
1
0
2
14
2
5
1
2
----------
1
0
2
13
2
5
1
2
----------
1
0
26
14
14
11
1
0
----------
1
0
28
13
13
13
1
2
----------
1
1
0
15
6
0
1
0
----------
1
1
0
15
7
0
1
0
----------
1
1
0
15
8
0
1
0
----------
1
1
0
15
9
0
1
0
----------
1
1
0
15
10
0
1
0
----------
1
1
0
15
12
0
1
0
----------
1
1
0
16
12
0
1
0
----------
1
1
0
17
12
0
1
0
----------
1
1
0
17
11
0
1
0
----------
1
1
0
17
10
0
1
0
----------
1
1
0
17
9
0
1
0
----------
1
1
0
17
8
0
1
0
----------
1
1
0
17
6
0
1
0
----------
1
1
0
17
5
0
1
0
----------
1
1
0
17
7
0
1
0
----------
1
1
0
17
4
0
1
0
----------
1
1
0
16
4
0
1
0
----------
1
1
0
15
4
0
1
0
----------
1
1
0
15
3
0
1
0
----------
1
1
0
15
2
0
1
0
----------
1
1
0
15
1
0
1
0
----------
1
1
22
16
5
7
1
7
----------
1
1
22
16
11
7
1
7
----------
1
0
26
12
11
11
1
0
----------
1
0
29
10
6
14
1
2
----------
1
0
29
7
10
14
1
2
----------
1
1
0
5
13
0
1
0
----------
1
0
28
10
12
13
1
2
----------
1
0
28
11
13
13
1
2
----------
1
1
0
15
14
0
1
0
----------
1
1
0
16
13
0
1
0
----------
1
1
0
16
14
0
1
0
----------
1
1
0
17
13
0
1
0
----------
1
1
0
17
14
0
1
0
----------
1
1
0
4
13
0
1
0
----------
1
1
0
4
7
0
1
0
----------
1
1
0
3
6
0
1
0
----------
1
1
0
2
5
0
1
0
----------
1
1
0
2
3
0
1
0
----------
1
1
0
3
2
0
1
0
----------
1
1
0
2
4
0
1
0
----------
1
0
29
6
4
14
1
2
----------
1
0
29
5
4
14
1
2
----------
1
0
29
5
5
14
1
2
----------
1
0
29
4
5
14
1
2
----------
1
0
29
3
5
14
1
2
----------
1
0
29
3
4
14
1
2
----------
1
0
26
3
3
11
1
0
----------
1
0
28
4
4
13
1
2
----------
1
0
28
4
3
13
1
2
----------
1
0
28
4
2
13
1
2
----------
1
0
28
5
2
13
1
2
----------
1
0
28
5
3
13
1
2
----------
1
0
28
6
3
13
1
2
----------
1
0
28
6
5
13
1
2
----------
1
0
28
5
6
13
1
2
----------
1
0
28
4
6
13
1
2
----------
1
0
27
12
14
12
1
0
----------
1
1
25
2
13
10
1
2
----------
1
1
25
0
13
10
1
2
----------
1
1
25
2
11
10
1
2
----------
1
1
25
0
11
10
1
2
----------
1
0
26
0
14
11
1
0
----------
1
0
26
2
14
11
1
0
----------
1
0
26
0
10
11
1
0
----------
1
0
26
2
10
11
1
0
----------
1
1
0
0
9
0
1
0
----------
1
1
0
1
9
0
1
0
----------
1
1
0
2
9
0
1
0
----------
1
1
0
3
9
0
1
0
----------
1
1
0
2
8
0
1
0
----------
1
1
25
1
7
10
1
2
----------
1
1
0
0
7
0
1
0
----------
1
1
0
0
8
0
1
0
----------
1
1
0
1
8
0
1
0
----------
1
1
0
0
6
0
1
0
----------
1
1
0
0
5
0
1
0
----------
1
1
0
0
4
0
1
0
----------
1
1
0
0
3
0
1
0
----------
1
1
0
0
2
0
1
0
----------
1
1
0
0
1
0
1
0
----------
1
1
0
0
0
0
1
0
----------
1
1
22
1
0
7
1
7
----------
1
1
22
2
0
7
1
7
----------
1
1
25
1
1
10
1
2
----------
1
1
1
5
0
1
1
0
----------
1
1
0
13
0
0
1
0
----------
1
0
30
12
1
15
1
2
----------
1
1
23
11
1
8
1
2
----------
1
0
27
8
1
12
1
0
----------
1
0
2
9
1
5
1
2
----------
1
1
0
14
0
0
1
0
----------
1
0
29
6
1
14
1
2
----------
1
0
29
6
0
14
1
2
----------
1
0
29
7
0
14
1
2
----------
1
0
29
8
2
14
1
2
----------
1
0
29
10
2
14
1
2
----------
1
0
26
9
2
11
1
0
----------
1
1
0
15
0
0
1
0
----------
1
1
0
17
0
0
1
0
----------
1
1
0
16
0
0
1
0
----------
1
1
0
16
1
0
1
0
----------
1
1
0
17
1
0
1
0
----------
1
1
0
16
2
0
1
0
----------
1
1
0
17
2
0
1
0
----------
1
1
0
17
3
0
1
0
----------
1
1
0
16
3
0
1
0
----------
1
1
0
5
11
0
1
0
----------
