13
17
0
0
**********
1
1
23
1
2
8
1
2
----------
1
1
23
3
2
8
1
2
----------
1
1
23
5
2
8
1
2
----------
1
1
23
7
2
8
1
2
----------
1
1
0
2
2
0
1
0
----------
1
1
0
0
2
0
1
0
----------
1
1
0
4
2
0
1
0
----------
1
1
0
6
2
0
1
0
----------
1
1
0
8
2
0
1
0
----------
1
1
0
8
3
0
1
0
----------
1
1
0
8
4
0
1
0
----------
1
1
0
8
5
0
1
0
----------
1
1
0
6
3
0
1
0
----------
1
1
10
6
4
3
1
2
----------
1
1
0
6
5
0
1
0
----------
1
1
0
4
5
0
1
0
----------
1
1
10
4
4
3
1
2
----------
1
1
0
4
3
0
1
0
----------
1
1
0
2
3
0
1
0
----------
1
1
10
2
4
3
1
2
----------
1
1
0
2
5
0
1
0
----------
1
1
0
0
5
0
1
0
----------
1
1
0
0
4
0
1
0
----------
1
1
0
0
3
0
1
0
----------
1
1
0
1
7
0
1
0
----------
1
1
0
3
7
0
1
0
----------
1
1
0
5
7
0
1
0
----------
1
1
0
7
7
0
1
0
----------
1
1
0
9
7
0
1
0
----------
1
0
27
10
0
12
1
0
----------
1
1
0
10
1
0
1
0
----------
1
1
0
10
2
0
1
0
----------
1
1
0
10
4
0
1
0
----------
1
1
0
10
5
0
1
0
----------
1
1
0
10
3
0
1
0
----------
1
1
0
10
6
0
1
0
----------
1
1
0
10
7
0
1
0
----------
1
1
0
1
9
0
1
0
----------
1
0
26
1
3
11
1
0
----------
1
0
26
3
3
11
1
0
----------
1
0
26
5
3
11
1
0
----------
1
0
26
7
3
11
1
0
----------
1
1
0
9
8
0
1
0
----------
1
1
0
10
8
0
1
0
----------
1
1
0
9
9
0
1
0
----------
1
1
0
10
9
0
1
0
----------
1
1
0
9
10
0
1
0
----------
1
1
0
8
10
0
1
0
----------
1
1
0
7
10
0
1
0
----------
1
1
0
5
10
0
1
0
----------
1
1
0
3
10
0
1
0
----------
1
1
0
2
10
0
1
0
----------
1
1
0
1
10
0
1
0
----------
1
1
0
4
10
0
1
0
----------
1
1
0
6
10
0
1
0
----------
1
1
0
3
8
0
1
0
----------
1
1
0
3
9
0
1
0
----------
1
1
0
2
9
0
1
0
----------
1
1
0
1
11
0
1
0
----------
1
1
25
2
11
10
1
2
----------
1
1
10
3
11
3
1
2
----------
1
1
10
4
11
3
1
2
----------
1
1
10
4
12
3
1
2
----------
1
1
10
5
12
3
1
2
----------
1
1
0
7
11
0
1
0
----------
1
1
0
8
11
0
1
0
----------
1
1
0
10
10
0
1
0
----------
1
1
21
4
8
6
1
2
----------
1
1
21
5
8
6
1
2
----------
1
1
21
6
8
6
1
2
----------
1
1
21
7
8
6
1
2
----------
1
1
21
8
8
6
1
2
----------
1
1
21
8
9
6
1
2
----------
1
1
21
7
9
6
1
2
----------
1
1
21
6
9
6
1
2
----------
1
1
21
5
9
6
1
2
----------
1
1
21
4
9
6
1
2
----------
1
1
21
4
7
6
1
2
----------
1
1
21
6
7
6
1
2
----------
1
1
21
8
7
6
1
2
----------
1
1
25
7
13
10
1
2
----------
1
0
28
2
1
13
1
2
----------
1
0
28
4
1
13
1
2
----------
1
0
28
6
1
13
1
2
----------
1
1
0
8
1
0
1
0
----------
1
0
30
3
1
15
1
2
----------
1
0
30
1
1
15
1
2
----------
1
0
30
5
1
15
1
2
----------
1
0
30
7
1
15
1
2
----------
1
1
0
0
1
0
1
0
----------
1
1
0
6
13
0
1
0
----------
1
1
0
5
13
0
1
0
----------
1
1
25
4
13
10
1
2
----------
1
1
0
2
13
0
1
0
----------
1
1
0
1
13
0
1
0
----------
1
1
0
0
13
0
1
0
----------
1
1
0
3
13
0
1
0
----------
1
1
0
8
13
0
1
0
----------
1
1
0
9
13
0
1
0
----------
1
1
0
10
13
0
1
0
----------
1
1
0
8
14
0
1
0
----------
1
1
0
10
14
0
1
0
----------
1
0
26
11
12
11
1
0
----------
1
1
23
10
12
8
1
2
----------
1
1
0
9
14
0
1
0
----------
1
1
0
7
14
0
1
0
----------
1
1
0
6
14
0
1
0
----------
1
1
0
4
14
0
1
0
----------
1
1
0
3
14
0
1
0
----------
1
1
25
2
14
10
1
2
----------
1
1
25
1
14
10
1
2
----------
1
1
25
0
14
10
1
2
----------
1
1
0
5
14
0
1
0
----------
1
0
28
11
14
13
1
2
----------
1
1
0
11
16
0
1
0
----------
1
1
0
10
16
0
1
0
----------
1
1
0
9
16
0
1
0
----------
1
1
0
8
16
0
1
0
----------
1
1
0
7
16
0
1
0
----------
1
0
26
9
15
11
1
0
----------
1
0
26
10
15
11
1
0
----------
1
0
26
8
15
11
1
0
----------
1
0
26
7
15
11
1
0
----------
1
0
2
6
15
5
1
2
----------
1
0
29
5
15
14
1
2
----------
1
1
1
4
15
1
1
0
----------
1
1
0
4
16
0
1
0
----------
1
1
1
5
16
1
1
0
----------
1
1
0
6
16
0
1
0
----------
1
1
0
3
16
0
1
0
----------
1
1
0
2
16
0
1
0
----------
1
1
0
1
16
0
1
0
----------
1
1
22
7
17
7
1
7
----------
1
0
2
10
17
5
1
2
----------
1
0
2
11
17
5
1
2
----------
1
0
2
9
17
5
1
2
----------
1
1
0
12
2
0
1
0
----------
1
1
0
12
1
0
1
0
----------
1
1
0
12
3
0
1
0
----------
1
1
0
12
4
0
1
0
----------
1
1
0
12
5
0
1
0
----------
1
1
0
12
7
0
1
0
----------
1
1
0
12
9
0
1
0
----------
1
1
0
12
10
0
1
0
----------
1
1
0
12
11
0
1
0
----------
1
1
0
12
13
0
1
0
----------
1
1
0
12
14
0
1
0
----------
1
1
0
12
16
0
1
0
----------
1
1
0
12
15
0
1
0
----------
1
1
0
12
12
0
1
0
----------
1
1
0
12
8
0
1
0
----------
1
1
0
12
6
0
1
0
----------
1
0
27
12
0
12
1
0
----------
1
1
1
13
15
1
1
0
----------
1
1
1
13
16
1
1
0
----------
1
1
0
12
17
0
1
0
----------
1
0
26
13
17
11
1
0
----------
1
1
0
10
0
0
1
0
----------
1
1
22
6
12
7
1
7
----------
1
1
10
8
12
3
1
2
----------
1
1
10
7
12
3
1
2
----------
1
1
25
6
11
10
1
2
----------
