15
18
5
0
**********
1
1
23
5
2
8
1
2
----------
1
1
0
4
2
0
1
0
----------
1
1
0
4
3
0
1
0
----------
1
1
0
6
3
0
1
0
----------
1
1
0
6
2
0
1
0
----------
1
1
0
6
4
0
1
0
----------
1
1
0
6
5
0
1
0
----------
1
1
0
4
4
0
1
0
----------
1
1
0
4
5
0
1
0
----------
1
1
0
4
7
0
1
0
----------
1
1
0
5
7
0
1
0
----------
1
1
0
6
7
0
1
0
----------
1
1
1
3
7
1
1
0
----------
1
1
0
2
7
0
1
0
----------
1
1
0
0
6
0
1
0
----------
1
1
0
0
5
0
1
0
----------
1
1
0
2
5
0
1
0
----------
1
1
0
2
4
0
1
0
----------
1
1
0
2
3
0
1
0
----------
1
1
0
0
4
0
1
0
----------
1
1
0
0
3
0
1
0
----------
1
1
0
0
2
0
1
0
----------
1
1
0
0
1
0
1
0
----------
1
1
0
2
2
0
1
0
----------
1
1
21
3
3
6
1
2
----------
1
1
22
3
2
7
1
7
----------
1
1
0
1
9
0
1
0
----------
1
1
0
0
7
0
1
0
----------
1
1
0
2
1
0
1
0
----------
1
1
0
3
1
0
1
0
----------
1
1
0
4
1
0
1
0
----------
1
1
25
8
3
10
1
2
----------
1
1
0
2
9
0
1
0
----------
1
1
0
3
9
0
1
0
----------
1
1
0
4
9
0
1
0
----------
1
1
0
5
9
0
1
0
----------
1
1
0
6
9
0
1
0
----------
1
0
29
6
8
14
1
2
----------
1
1
0
8
8
0
1
0
----------
1
1
0
8
7
0
1
0
----------
1
1
0
9
6
0
1
0
----------
1
1
0
8
5
0
1
0
----------
1
1
0
8
4
0
1
0
----------
1
1
25
8
2
10
1
2
----------
1
1
25
8
1
10
1
2
----------
1
0
27
7
7
12
1
0
----------
1
1
0
8
0
0
1
0
----------
1
1
0
6
1
0
1
0
----------
1
1
0
10
2
0
1
0
----------
1
1
0
9
0
0
1
0
----------
1
1
0
10
0
0
1
0
----------
1
1
0
6
12
0
1
0
----------
1
1
0
4
12
0
1
0
----------
1
1
0
5
12
0
1
0
----------
1
1
0
3
12
0
1
0
----------
1
1
0
1
12
0
1
0
----------
1
1
0
2
12
0
1
0
----------
1
1
21
6
11
6
1
2
----------
1
1
10
5
11
3
1
2
----------
1
1
25
4
11
10
1
2
----------
1
1
10
5
10
3
1
2
----------
1
1
10
4
10
3
1
2
----------
1
1
10
3
10
3
1
2
----------
1
1
25
1
10
10
1
2
----------
1
1
10
2
10
3
1
2
----------
1
1
10
2
11
3
1
2
----------
1
1
10
3
11
3
1
2
----------
1
1
10
1
11
3
1
2
----------
1
1
0
0
12
0
1
0
----------
1
1
0
6
10
0
1
0
----------
1
0
27
7
12
12
1
0
----------
1
1
0
8
12
0
1
0
----------
1
1
0
8
10
0
1
0
----------
1
0
27
8
9
12
1
0
----------
1
1
0
6
13
0
1
0
----------
1
1
0
7
14
0
1
0
----------
1
1
0
8
13
0
1
0
----------
1
1
0
6
14
0
1
0
----------
1
1
0
8
14
0
1
0
----------
1
0
27
12
11
12
1
0
----------
1
0
27
11
11
12
1
0
----------
1
0
27
13
11
12
1
0
----------
1
1
0
12
16
0
1
0
----------
1
1
0
10
17
0
1
0
----------
1
1
25
14
6
10
1
2
----------
1
1
25
1
15
10
1
2
----------
1
1
0
10
18
0
1
0
----------
1
1
0
11
18
0
1
0
----------
1
1
0
12
18
0
1
0
----------
1
1
0
13
18
0
1
0
----------
1
1
0
2
13
0
1
0
----------
1
1
0
3
13
0
1
0
----------
1
1
0
1
13
0
1
0
----------
1
1
0
0
13
0
1
0
----------
1
1
0
0
17
0
1
0
----------
1
1
0
0
18
0
1
0
----------
1
1
25
3
16
10
1
2
----------
1
0
27
5
18
12
1
0
----------
1
1
0
9
8
0
1
0
----------
1
1
0
14
11
0
1
0
----------
1
1
0
14
12
0
1
0
----------
1
1
0
14
13
0
1
0
----------
1
1
0
14
15
0
1
0
----------
1
1
0
14
14
0
1
0
----------
1
1
0
14
16
0
1
0
----------
1
1
0
14
18
0
1
0
----------
1
1
0
14
17
0
1
0
----------
1
1
0
14
10
0
1
0
----------
1
1
0
9
7
0
1
0
----------
1
1
0
9
5
0
1
0
----------
1
1
0
9
4
0
1
0
----------
1
1
0
11
0
0
1
0
----------
1
1
0
12
0
0
1
0
----------
1
1
0
12
1
0
1
0
----------
1
1
0
12
2
0
1
0
----------
1
1
0
12
3
0
1
0
----------
1
1
0
12
4
0
1
0
----------
1
1
0
11
10
0
1
0
----------
1
1
0
14
8
0
1
0
----------
1
1
0
14
7
0
1
0
----------
1
1
25
14
4
10
1
2
----------
1
1
0
14
5
0
1
0
----------
1
1
25
14
2
10
1
2
----------
1
1
0
14
3
0
1
0
----------
1
0
28
15
16
13
1
2
----------
1
1
0
14
1
0
1
0
----------
1
1
0
12
5
0
1
0
----------
1
1
0
12
6
0
1
0
----------
1
1
0
12
7
0
1
0
----------
1
0
26
15
18
11
1
0
----------
1
0
28
10
12
13
1
2
----------
