12
14
0
0
**********
1
1
23
1
2
8
1
2
----------
1
1
23
2
1
8
1
2
----------
1
1
23
3
2
8
1
2
----------
1
1
23
2
3
8
1
2
----------
1
1
23
4
3
8
1
2
----------
1
1
23
3
4
8
1
2
----------
1
1
23
4
5
8
1
2
----------
1
1
23
5
4
8
1
2
----------
1
1
23
5
6
8
1
2
----------
1
1
23
6
5
8
1
2
----------
1
1
23
6
6
8
1
2
----------
1
1
1
0
11
1
1
0
----------
1
1
1
1
12
1
1
0
----------
1
0
2
0
3
5
1
2
----------
1
0
26
0
12
11
1
0
----------
1
1
0
4
13
0
1
0
----------
1
1
0
5
13
0
1
0
----------
1
1
0
6
13
0
1
0
----------
1
1
0
7
13
0
1
0
----------
1
1
0
8
13
0
1
0
----------
1
1
21
5
0
6
1
2
----------
1
1
21
6
1
6
1
2
----------
1
1
21
7
2
6
1
2
----------
1
1
21
8
3
6
1
2
----------
1
1
21
3
8
6
1
2
----------
1
1
21
2
7
6
1
2
----------
1
1
21
1
6
6
1
2
----------
1
1
21
0
5
6
1
2
----------
1
1
10
3
10
3
1
2
----------
1
1
10
4
9
3
1
2
----------
1
1
10
5
8
3
1
2
----------
1
1
10
6
7
3
1
2
----------
1
1
10
7
6
3
1
2
----------
1
1
10
8
5
3
1
2
----------
1
1
10
9
4
3
1
2
----------
1
1
10
10
3
3
1
2
----------
1
1
20
2
9
2
1
2
----------
1
1
20
1
8
2
1
2
----------
1
0
26
0
7
11
1
0
----------
1
1
20
9
2
2
1
2
----------
1
1
20
8
1
2
1
2
----------
1
0
26
7
0
11
1
0
----------
1
1
20
3
12
2
1
2
----------
1
1
22
4
11
7
1
7
----------
1
1
22
5
10
7
1
7
----------
1
1
22
6
9
7
1
7
----------
1
1
22
7
8
7
1
7
----------
1
1
22
10
5
7
1
7
----------
1
1
22
8
7
7
1
7
----------
1
1
22
9
6
7
1
7
----------
1
1
22
11
4
7
1
7
----------
1
1
25
0
9
10
1
2
----------
1
1
20
12
3
2
1
2
----------
1
1
25
1
10
10
1
2
----------
1
1
25
2
11
10
1
2
----------
1
1
25
11
2
10
1
2
----------
1
1
25
10
1
10
1
2
----------
1
1
25
9
0
10
1
2
----------
1
1
10
10
0
3
1
2
----------
1
1
1
11
0
1
1
0
----------
1
1
10
11
1
3
1
2
----------
1
0
26
12
0
11
1
0
----------
1
1
1
12
1
1
1
0
----------
1
1
10
12
2
3
1
2
----------
1
1
10
2
12
3
1
2
----------
1
1
0
9
13
0
1
0
----------
1
1
0
10
13
0
1
0
----------
1
1
10
1
11
3
1
2
----------
1
1
0
11
13
0
1
0
----------
1
1
10
0
10
3
1
2
----------
1
1
0
1
14
0
1
0
----------
1
1
0
1
13
0
1
0
----------
1
1
0
2
13
0
1
0
----------
1
1
0
3
13
0
1
0
----------
1
1
0
0
4
0
1
0
----------
1
1
0
12
13
0
1
0
----------
1
1
0
0
14
0
1
0
----------
1
0
2
0
13
5
1
2
----------
1
1
0
8
12
0
1
0
----------
1
1
0
8
11
0
1
0
----------
1
1
0
8
10
0
1
0
----------
1
1
0
12
8
0
1
0
----------
1
1
0
11
8
0
1
0
----------
1
0
45
9
9
19
1
4
----------
1
1
0
10
8
0
1
0
----------
1
0
45
10
9
19
1
1
----------
1
0
45
10
10
19
1
4
----------
1
0
45
11
10
19
1
1
----------
1
0
45
11
11
19
1
4
----------
1
0
45
12
11
19
1
1
----------
1
0
26
12
12
11
1
0
----------
1
0
28
11
12
13
1
2
----------
1
0
28
10
12
13
1
2
----------
1
0
28
10
11
13
1
2
----------
1
0
28
9
11
13
1
2
----------
1
0
28
9
12
13
1
2
----------
1
0
28
9
10
13
1
2
----------
1
0
28
11
9
13
1
2
----------
1
0
28
12
9
13
1
2
----------
1
0
28
12
10
13
1
2
----------
1
1
1
6
0
1
1
0
----------
1
1
1
7
1
1
1
0
----------
1
1
1
8
0
1
1
0
----------
1
1
1
0
8
1
1
0
----------
1
1
1
1
7
1
1
0
----------
1
1
1
0
6
1
1
0
----------
1
1
0
3
14
0
1
0
----------
1
1
0
4
14
0
1
0
----------
1
1
0
2
14
0
1
0
----------
1
1
0
6
14
0
1
0
----------
1
1
0
7
14
0
1
0
----------
1
1
0
9
14
0
1
0
----------
1
1
0
12
14
0
1
0
----------
1
1
0
11
14
0
1
0
----------
1
1
0
8
14
0
1
0
----------
1
1
0
10
14
0
1
0
----------
1
1
0
5
14
0
1
0
----------
