11
15
0
0
**********
1
1
1
0
3
1
1
0
----------
1
1
1
1
3
1
1
0
----------
1
1
22
1
2
7
1
7
----------
1
1
0
1
1
0
1
0
----------
1
1
21
3
2
6
1
2
----------
1
0
26
0
2
11
1
0
----------
1
1
0
3
1
0
1
0
----------
1
1
0
3
3
0
1
0
----------
1
1
22
4
2
7
1
7
----------
1
1
1
0
1
1
1
0
----------
1
0
2
2
2
5
1
2
----------
1
1
0
4
1
0
1
0
----------
1
1
0
5
1
0
1
0
----------
1
0
45
3
0
19
1
4
----------
1
0
45
4
0
19
1
4
----------
1
0
29
5
0
14
1
2
----------
1
0
29
6
0
14
1
2
----------
1
1
0
6
1
0
1
0
----------
1
1
0
8
0
0
1
0
----------
1
0
27
8
1
12
1
0
----------
1
1
0
8
2
0
1
0
----------
1
1
0
8
3
0
1
0
----------
1
1
0
7
3
0
1
0
----------
1
1
0
6
3
0
1
0
----------
1
1
0
4
3
0
1
0
----------
1
0
26
7
2
11
1
0
----------
1
1
23
5
3
8
1
2
----------
1
1
0
5
5
0
1
0
----------
1
1
0
6
5
0
1
0
----------
1
0
27
6
4
12
1
0
----------
1
1
0
7
5
0
1
0
----------
1
1
0
9
0
0
1
0
----------
1
1
0
10
1
0
1
0
----------
1
1
0
10
2
0
1
0
----------
1
1
0
10
4
0
1
0
----------
1
1
0
10
3
0
1
0
----------
1
1
0
10
5
0
1
0
----------
1
1
0
9
5
0
1
0
----------
1
1
25
9
6
10
1
2
----------
1
1
0
8
7
0
1
0
----------
1
1
0
9
7
0
1
0
----------
1
1
0
10
7
0
1
0
----------
1
1
0
10
6
0
1
0
----------
1
1
0
7
7
0
1
0
----------
1
1
0
6
7
0
1
0
----------
1
1
0
4
7
0
1
0
----------
1
1
0
10
0
0
1
0
----------
1
1
21
1
4
6
1
2
----------
1
1
10
2
5
3
1
2
----------
1
1
10
0
4
3
1
2
----------
1
1
10
0
5
3
1
2
----------
1
1
10
0
6
3
1
2
----------
1
1
10
1
6
3
1
2
----------
1
1
20
2
6
2
1
2
----------
1
1
0
1
5
0
1
0
----------
1
1
0
0
7
0
1
0
----------
1
1
0
1
7
0
1
0
----------
1
1
0
2
7
0
1
0
----------
1
0
27
3
7
12
1
0
----------
1
0
27
5
7
12
1
0
----------
1
1
0
4
8
0
1
0
----------
1
1
0
2
8
0
1
0
----------
1
1
0
2
10
0
1
0
----------
1
1
0
4
9
0
1
0
----------
1
1
0
4
10
0
1
0
----------
1
1
0
3
10
0
1
0
----------
1
1
0
1
10
0
1
0
----------
1
0
30
1
9
15
1
2
----------
1
0
28
0
9
13
1
2
----------
1
1
23
0
13
8
1
2
----------
1
0
26
1
8
11
1
0
----------
1
1
0
1
12
0
1
0
----------
1
1
0
1
13
0
1
0
----------
1
1
21
0
11
6
1
2
----------
1
1
10
4
13
3
1
2
----------
1
1
0
3
13
0
1
0
----------
1
1
0
5
13
0
1
0
----------
1
1
0
4
12
0
1
0
----------
1
1
0
3
12
0
1
0
----------
1
1
0
5
12
0
1
0
----------
1
0
26
3
14
11
1
0
----------
1
1
0
5
10
0
1
0
----------
1
1
0
7
10
0
1
0
----------
1
1
0
6
10
0
1
0
----------
1
1
0
9
10
0
1
0
----------
1
1
0
8
10
0
1
0
----------
1
1
0
10
10
0
1
0
----------
1
1
0
10
11
0
1
0
----------
1
1
23
10
13
8
1
2
----------
1
1
0
10
12
0
1
0
----------
1
1
0
8
12
0
1
0
----------
1
0
29
9
12
14
1
2
----------
1
0
28
9
11
13
1
2
----------
1
1
0
9
15
0
1
0
----------
1
1
0
8
13
0
1
0
----------
1
1
0
6
13
0
1
0
----------
1
1
0
6
12
0
1
0
----------
1
0
2
5
14
5
1
2
----------
1
0
28
6
9
13
1
2
----------
1
0
29
6
8
14
1
2
----------
1
0
29
7
8
14
1
2
----------
1
0
29
7
9
14
1
2
----------
1
0
29
8
9
14
1
2
----------
1
0
29
9
9
14
1
2
----------
1
0
28
8
8
13
1
2
----------
1
0
28
9
8
13
1
2
----------
1
1
23
10
9
8
1
2
----------
1
1
21
11
8
6
1
2
----------
1
1
0
11
0
0
1
0
----------
1
1
0
11
1
0
1
0
----------
1
1
0
11
2
0
1
0
----------
1
1
0
11
4
0
1
0
----------
1
1
0
11
5
0
1
0
----------
1
1
0
11
6
0
1
0
----------
1
1
0
11
7
0
1
0
----------
1
1
0
11
3
0
1
0
----------
1
1
0
0
15
0
1
0
----------
1
1
0
1
15
0
1
0
----------
1
1
0
2
15
0
1
0
----------
1
1
0
3
15
0
1
0
----------
1
1
0
5
15
0
1
0
----------
1
1
0
6
15
0
1
0
----------
1
1
0
4
15
0
1
0
----------
1
1
10
8
15
3
1
2
----------
1
1
0
7
15
0
1
0
----------
1
1
0
10
15
0
1
0
----------
1
1
0
11
15
0
1
0
----------
1
0
45
9
2
19
1
1
----------
1
0
45
9
3
19
1
1
----------
1
0
26
9
4
11
1
0
----------
