10
10
6
7
**********
1
0
27
5
7
12
1
0
----------
1
0
29
4
7
14
1
2
----------
1
0
27
3
7
12
1
0
----------
1
0
27
3
5
12
1
0
----------
1
0
27
5
5
12
1
0
----------
1
0
27
3
3
12
1
0
----------
1
0
27
5
3
12
1
0
----------
1
0
27
3
1
12
1
0
----------
1
0
27
5
1
12
1
0
----------
1
0
27
1
1
12
1
0
----------
1
0
27
1
3
12
1
0
----------
1
0
27
1
7
12
1
0
----------
1
0
27
1
5
12
1
0
----------
1
0
27
1
9
12
1
0
----------
1
0
27
3
9
12
1
0
----------
1
0
27
7
9
12
1
0
----------
1
0
27
5
9
12
1
0
----------
1
0
27
7
7
12
1
0
----------
1
0
27
9
7
12
1
0
----------
1
0
27
9
9
12
1
0
----------
1
0
27
9
5
12
1
0
----------
1
0
27
7
5
12
1
0
----------
1
0
27
7
3
12
1
0
----------
1
0
27
9
3
12
1
0
----------
1
0
27
9
1
12
1
0
----------
1
0
27
7
1
12
1
0
----------
1
0
28
4
6
13
1
2
----------
1
0
28
5
8
13
1
2
----------
1
0
28
6
8
13
1
2
----------
1
0
28
7
8
13
1
2
----------
1
0
28
6
5
13
1
2
----------
1
0
28
8
5
13
1
2
----------
1
0
28
8
6
13
1
2
----------
1
0
28
8
7
13
1
2
----------
1
0
28
7
6
13
1
2
----------
1
0
26
6
6
11
1
0
----------
1
0
29
5
6
14
1
2
----------
1
0
28
5
4
13
1
2
----------
1
0
29
4
4
14
1
2
----------
1
0
29
2
4
14
1
2
----------
1
0
30
2
3
15
1
2
----------
1
0
29
1
2
14
1
2
----------
1
0
29
1
0
14
1
2
----------
1
0
30
2
0
15
1
2
----------
1
0
29
3
0
14
1
2
----------
1
0
29
5
2
14
1
2
----------
1
0
28
6
2
13
1
2
----------
1
0
30
6
1
15
1
2
----------
1
0
30
8
3
15
1
2
----------
1
0
29
10
3
14
1
2
----------
1
0
30
10
4
15
1
2
----------
1
0
30
9
8
15
1
2
----------
1
0
29
9
6
14
1
2
----------
1
0
29
10
6
14
1
2
----------
1
0
29
9
10
14
1
2
----------
1
0
30
7
10
15
1
2
----------
1
0
29
8
10
14
1
2
----------
1
0
28
8
9
13
1
2
----------
1
0
28
8
8
13
1
2
----------
1
0
45
4
8
19
1
2
----------
1
0
45
2
6
19
1
3
----------
1
0
45
3
2
19
1
4
----------
1
0
45
10
2
19
1
1
----------
1
0
45
10
7
19
1
2
----------
1
0
45
10
10
19
1
2
----------
1
0
28
10
9
13
1
2
----------
1
0
28
10
8
13
1
2
----------
1
0
28
9
4
13
1
2
----------
1
0
28
8
4
13
1
2
----------
1
0
28
7
4
13
1
2
----------
1
0
28
6
4
13
1
2
----------
1
0
28
6
3
13
1
2
----------
1
0
28
8
2
13
1
2
----------
1
0
28
9
2
13
1
2
----------
1
0
28
4
0
13
1
2
----------
1
0
28
5
0
13
1
2
----------
1
0
28
7
0
13
1
2
----------
1
0
28
6
0
13
1
2
----------
1
0
28
8
0
13
1
2
----------
1
0
28
8
1
13
1
2
----------
1
0
28
9
0
13
1
2
----------
1
0
28
10
0
13
1
2
----------
1
0
28
10
1
13
1
2
----------
1
0
28
4
1
13
1
2
----------
1
0
28
4
3
13
1
2
----------
1
0
28
2
1
13
1
2
----------
1
0
26
0
0
11
1
0
----------
1
0
28
2
2
13
1
2
----------
1
0
29
4
5
14
1
2
----------
1
0
28
2
5
13
1
2
----------
1
0
28
3
6
13
1
2
----------
1
0
28
1
4
13
1
2
----------
1
0
28
0
3
13
1
2
----------
1
0
28
0
2
13
1
2
----------
1
1
0
6
9
0
1
0
----------
1
1
0
4
9
0
1
0
----------
1
1
0
5
9
0
1
0
----------
1
1
0
3
9
0
1
0
----------
1
1
0
1
9
0
1
0
----------
1
1
0
0
9
0
1
0
----------
1
1
0
2
9
0
1
0
----------
1
1
0
7
9
0
1
0
----------
1
1
0
8
9
0
1
0
----------
1
0
29
6
10
14
1
2
----------
1
0
29
4
10
14
1
2
----------
1
0
29
2
10
14
1
2
----------
1
0
29
1
10
14
1
2
----------
1
0
30
3
10
15
1
2
----------
1
0
30
5
10
15
1
2
----------
1
0
26
0
10
11
1
0
----------
1
1
0
0
8
0
1
0
----------
1
1
0
0
7
0
1
0
----------
1
1
0
0
6
0
1
0
----------
1
1
0
0
5
0
1
0
----------
1
1
0
0
4
0
1
0
----------
1
0
30
3
8
15
1
2
----------
1
0
30
2
8
15
1
2
----------
1
0
30
2
7
15
1
2
----------
1
0
30
1
8
15
1
2
----------
1
0
30
1
6
15
1
2
----------
